id	vonalid	allomasid	tav
1	30	2247	168
2	450a	1556	3
3	304	1720	5
4	305	1399	26
5	142	2392	28
6	924	158	19
7	422	561	58
8	436	2466	64
9	94	221	5
10	71	2058	8
11	80	2686	53
12	49	1731	58
13	112	737	37
14	109	2681	38
15	36	352	24
16	422	1946	0
17	151	787	41
18	945	2179	19
19	108	552	90
20	50	1492	1
21	125a	2468	12
22	318a	812	2
23	419	881	18
24	954	1589	35
25	130	1650	118
26	109	884	68
27	142	943	68
28	92	2455	50
29	77	1656	10
30	919	533	54
31	481a	1875	0
32	106	1660	36
33	113	2740	116
34	13	1877	89
35	934a	2829	10
36	418	596	11
37	94	73	9
38	456	1032	2
39	418	510	8
40	46	185	0
41	410	1988	20
42	49	922	83
43	150	278	22
44	424a	2787	6
45	92	1614	25
46	331	2054	0
47	81	2053	36
48	482	2630	25
49	422	348	31
50	492	1307	18
51	8	772	29
52	410	492	26
53	40	1559	20
54	319	2760	7
55	972	136	11
56	142	252	8
57	87a	1318	16
58	62	191	80
59	127	1334	90
60	945	603	6
61	422	1782	42
62	976	1571	21
63	331	1746	1
64	128	263	16
65	130	2587	74
66	150	373	37
67	483	1772	7
68	36	179	0
69	135	1946	97
70	2	1410	13
71	89	903	6
72	29	66	100
73	80	624	59
74	17	1754	49
75	339a	2770	14
76	480	2286	3
77	333	2477	22
78	10	559	39
79	914	844	29
80	488b	2622	15
81	86	1427	8
82	944	2418	7
83	16	853	92
84	349	2110	42
85	100b	514	43
86	16	1175	5
87	418	2409	0
88	61	2517	0
89	40	571	184
90	4	2071	19
91	120	1971	213
92	917	2822	6
93	418	2021	21
94	112	90	28
95	304	882	6
96	82	928	68
97	95	1893	5
98	455a	2346	5
99	40	1302	171
100	147	1191	76
101	36	1283	3
102	90	343	19
103	42	1039	25
104	128	2085	22
105	125	447	30
106	130	438	40
107	348	1615	45
108	41	224	59
109	108	628	36
110	108	1051	6
111	414	2004	6
112	966	2036	12
113	142	1046	78
114	80	137	156
115	972	777	10
116	455	996	15
117	486	1930	41
118	945	725	3
119	924	1547	22
120	150	269	50
121	43	633	16
122	88	696	21
123	92	221	5
124	482	1021	6
125	25	2289	8
126	958	1693	23
127	78	2098	29
128	116	818	41
129	420	2600	40
130	348	1691	20
131	81	1709	7
132	317	1208	3
133	348	25	12
134	35	1862	100
135	41	2502	20
136	488c	2309	14
137	135	273	22
138	114	923	24
139	130	928	0
140	948	403	0
141	70	1480	6
142	486	605	25
143	318a	207	2
145	1	2604	189
146	40	2152	222
147	25	2532	43
148	46	490	57
149	105	1633	15
150	408	229	0
151	80	2062	15
152	154	2412	2
153	116	1279	59
154	488a	1308	6
155	450a	2149	8
156	349	2773	52
157	43	2294	9
158	110	2559	58
159	109	2104	5
160	140	1072	111
161	967	521	13
162	80	686	30
163	324	1226	14
164	21	2186	52
165	956	1889	20
166	434	1026	4
167	455a	2332	13
168	151	2747	50
169	25	449	57
170	121	1317	8
171	484	1696	3
172	87a	1904	12
173	80	2369	140
174	928	369	1
175	422	654	14
176	488b	1629	3
177	140	619	64
178	1	2207	64
179	30	2356	36
180	80	2694	5
181	94	1068	20
182	331	457	17
183	125	2698	21
184	35	292	16
185	923	2826	24
186	422	1494	4
187	30	247	180
188	934	458	7
189	78	1578	100
190	37	2641	18
191	434	1703	22
192	71	2145	44
193	76	1303	0
194	47	1101	30
195	36	719	41
196	914	2513	45
197	956	1333	26
198	418	2430	32
199	325	1564	2
200	436	2434	31
201	17	1421	42
202	30	876	147
203	482	1839	24
204	20	97	93
205	305	2204	23
206	967	2746	26
207	906	1382	39
208	18	1112	15
209	102	964	55
210	146	888	24
211	30b	247	0
212	11	1387	38
213	120	1733	33
214	125	11	68
215	152	1644	19
216	45	185	39
217	130	1305	77
218	146	1488	21
219	331b	399	4
220	919	1557	24
221	969	978	16
222	117	808	56
223	145	2374	16
224	40	1372	127
225	15	1142	15
226	339b	1081	0
227	80	1540	101
228	87	599	68
229	78	1735	24
230	121	251	99
231	956	1497	15
232	40	2342	12
233	151	909	20
234	114	9	8
235	82	1667	52
236	22	326	0
237	87	2200	39
238	324	2763	17
239	98	226	15
240	128	2425	95
241	44	2494	30
242	35	1729	49
243	113	2183	0
244	41	965	17
245	414a	2328	20
246	916	2288	9
247	458c	2406	1
248	436	952	47
249	16	2248	70
250	458a	1768	2
251	911	287	11
252	921a	217	0
253	77	148	0
254	919	2081	12
255	12	2207	0
256	15	986	62
257	330	2044	2
258	20	986	169
259	29	1591	18
260	30	1778	71
261	917	491	2
262	966	79	8
263	150	2711	79
264	24	2462	6
265	921	1574	25
266	92	1193	23
267	483	119	1
268	10	1190	61
269	421	773	4
270	115	2741	34
271	107	532	16
272	102	2077	8
273	135	323	40
274	11	298	2
275	89	634	3
276	147	1505	52
277	422	2411	26
278	40	1062	194
279	153	2235	14
280	94	1837	11
281	434	1722	20
282	125	937	56
283	953	2833	29
284	128	822	105
285	155	1234	14
286	9	463	30
287	943	2357	4
288	420a	1189	3
289	13	1111	3
290	140	950	103
291	121	495	13
292	492	591	24
293	414	803	19
294	308	1004	7
295	150	870	32
296	470	2025	3
297	26	2046	6
298	324	318	8
299	11	1728	0
300	305	2596	20
301	424	774	22
302	459	2020	11
303	491	2297	7
304	480	2089	7
305	41	61	71
306	40	2583	16
307	155	1791	21
308	20	1713	65
309	120	2694	5
310	305	306	32
311	911	1700	6
312	410	637	8
313	152	819	43
314	29	2043	52
315	26	811	5
316	339b	2771	15
317	339b	1260	12
318	310	1097	7
319	482a	594	5
320	90	2304	11
321	422	467	28
322	969	2707	18
323	30	407	164
324	108	1895	14
325	422	720	18
326	130	1407	44
327	332	523	6
328	424	1075	7
329	436	163	3
330	120	2169	94
331	418	2334	37
332	914	2703	12
333	963	317	15
334	349	1607	31
335	130	1128	72
336	70	2058	8
337	414a	1783	24
338	42	2723	79
339	486	2345	19
340	127	107	10
341	135	642	29
342	11	1736	19
343	30	1797	16
344	969	1767	26
345	419	596	11
346	954	179	0
347	147	2355	47
348	424	1313	26
349	460	1905	0
350	25	1882	82
351	414a	58	13
352	81	2275	30
353	9	2579	13
354	916	2230	15
355	410	2360	0
356	8	1320	10
357	450b	413	12
358	339a	471	13
359	410	1825	1
360	486	1104	0
361	481	956	4
362	420	2202	29
363	78	187	97
364	142	752	7
365	488c	2061	4
366	488b	1963	14
367	914	2822	61
368	71	1683	39
369	154	1028	56
370	89	696	20
371	146	80	51
372	150	448	9
373	135	2093	47
374	30b	1473	31
375	406	1603	10
376	967	958	5
377	142	2702	18
378	108	1360	10
379	348	91	0
380	86	1858	40
381	13	1452	24
382	87	2442	46
383	70	1429	3
384	921	217	43
385	958	459	13
386	402	2775	8
387	154	829	30
388	71	1894	0
389	333	2253	15
390	120	84	18
391	89	2489	24
392	155	1499	29
393	923	1367	11
394	935a	2830	4
395	37	247	60
396	16	936	17
397	87	1730	60
398	2	1740	8
399	105	745	11
400	962	1005	6
401	146	1341	26
402	921	2824	53
403	906	1594	8
404	71	1569	10
405	65	2684	40
406	98	1316	31
407	130	1912	17
408	433	1616	4
409	146	613	16
410	135	2498	7
411	21	857	1
412	434	1753	7
413	956	456	48
414	109	2708	24
415	317b	2758	6
416	120	1743	0
417	40	891	0
418	145	1088	30
419	150	709	26
420	308a	297	5
421	488	1829	0
422	154	560	65
423	916	2610	3
424	90	545	62
425	420	920	8
426	488	2569	16
427	80	1495	144
428	30	1228	48
429	80	2086	220
430	135	1880	0
431	481	800	6
432	17	2035	28
433	92	1425	51
434	459	2406	18
435	120	2330	110
436	465	1011	16
437	27	962	36
438	80	1976	67
439	62	1996	33
440	906	2018	34
441	86	2296	57
442	24	13	4
443	115	2027	0
444	81	374	48
445	30	1221	47
446	80	2051	125
447	488c	574	13
448	75	583	53
449	5	2300	35
450	140	1707	116
451	82	1470	47
452	110	2685	35
453	10	1345	47
454	140	2568	69
455	150	2613	123
456	305	504	8
457	482a	677	0
458	14	2335	25
459	47	1302	7
460	142	662	92
461	966	1370	10
462	11	2082	21
463	80	1274	39
464	958	2632	48
465	903	1263	6
466	434	1961	12
467	15	1471	12
468	80	621	250
469	101	1342	55
470	4	1219	42
471	906	208	43
472	1	757	74
473	70	2650	13
474	22	2417	21
475	20	2289	116
476	968	2237	50
477	20	369	141
478	928	1919	14
479	16	1420	131
480	41	2562	99
481	482a	2287	6
482	64	479	5
483	121	1107	40
484	914	2557	52
485	46	2476	69
487	11	913	11
488	95	1298	11
489	29	1676	111
490	30	1886	215
491	331	2108	2
492	42	149	20
493	339a	2008	5
494	90	895	79
495	419	921	22
496	18	1418	18
497	90	288	57
498	128	674	87
499	127	1450	47
500	455	89	4
501	30	1618	177
502	488b	2815	18
503	1	2011	39
504	436	1616	4
505	456	1315	15
506	113	544	71
507	80	404	16
508	414	1467	22
509	150	945	134
510	87	242	4
511	16	496	80
512	30b	2509	18
513	905	1854	9
514	348	2589	4
515	20	489	128
516	470	1393	5
517	71	714	26
518	60	880	74
519	135	872	19
520	410	2778	33
521	107	718	13
522	40	2251	202
523	75	1956	34
524	21	326	26
525	483	2259	3
526	30	999	151
527	929	118	2
528	102	762	38
529	60	1464	36
530	77	878	15
531	406	976	11
532	116	2487	47
533	112	2508	14
534	62	1071	15
535	483	1338	0
536	35	231	69
537	98	2444	21
538	21	986	0
539	94	1515	49
540	333	960	35
541	70	641	63
542	437	126	5
543	30b	1225	25
544	154	945	96
545	29	1673	28
546	455	1602	9
547	88	2040	17
548	88	2489	25
549	14	1084	7
550	13	2207	0
551	945	1608	2
552	305	2074	22
553	145	2593	51
554	29	1167	56
555	450b	101	9
556	142	275	60
557	2	2673	27
558	921	1184	50
559	1	2123	22
560	349	646	49
561	106	2677	0
562	414	2565	15
563	80	134	232
564	450b	123	13
565	348	1306	14
566	64	1095	7
567	147	2488	3
568	945	1647	1
569	25	2451	123
570	20	1810	114
571	80	2067	17
572	11	1235	67
573	60	697	18
574	82	2618	15
575	25	2272	25
576	2	758	53
577	128	1124	90
578	424	676	19
579	75	842	24
580	152	1183	22
581	18	16	10
582	490	1744	0
583	86	165	44
584	945	2146	13
585	453	2797	9
586	102	647	10
587	958	2344	31
588	11	699	16
589	4	388	14
590	22	1094	14
591	408	1195	2
592	498	2138	7
593	5	2646	53
594	8	2718	118
595	945	2832	20
596	120	1415	244
597	459	1169	6
598	153	1009	0
599	142	1281	94
600	484	106	2
601	81	266	33
602	142	300	85
603	414a	2068	32
604	331a	457	0
605	106	2737	71
606	963	755	31
607	2	1248	46
608	304	1710	9
609	115	110	26
610	41	576	101
611	20	2494	0
612	35	2384	36
613	321	81	0
614	954	2505	17
615	70	408	59
616	10	1728	0
617	17	2709	80
618	919	462	6
619	130	675	42
620	20	1139	55
621	113	2508	14
622	16	986	159
623	958	2220	14
624	488a	2541	4
625	80	219	180
626	112	1126	26
627	113	2644	80
628	1	644	113
629	30b	1577	14
630	125	2249	53
631	128	2059	56
632	968	83	38
633	482a	2630	4
634	42	807	77
635	464	905	6
636	80	1744	211
637	41	267	5
638	121	567	78
639	120	495	209
640	25	1872	36
641	83	1453	2
642	458	2800	23
643	50	1900	48
644	969	262	4
645	108	1517	97
646	903	2820	10
647	934	31	8
648	954	46	29
649	402	1944	7
650	8	1434	55
651	465	2602	4
652	5	1933	74
653	25	389	72
654	108	1908	6
655	92	430	2
656	911	2238	19
657	954	990	22
658	465	1541	6
659	324	1675	13
660	78	425	6
661	125	2564	47
662	5	660	64
663	491	1426	9
664	130	2510	121
665	436	1843	13
666	87	1677	56
667	130	464	62
668	966	2407	5
669	488a	1829	0
670	455a	1847	18
671	414	2523	16
672	969	1435	0
673	27	589	10
674	30	655	90
675	972	1229	0
676	80	1386	131
677	110	1715	27
678	127	1227	12
679	311	2070	4
680	117	1551	0
681	418	830	23
682	452	734	1
683	349	371	19
684	462	452	16
685	30	1993	9
686	406	1621	4
687	87	1830	2
688	486a	2814	7
689	114	2740	55
690	94	1297	30
691	492	2530	35
692	106	255	46
693	120	1997	236
694	969	733	50
695	488a	2511	3
696	482	1695	14
697	128	1543	124
698	921	601	9
699	421	2785	11
700	962	2834	51
701	458a	2680	8
702	929	1462	0
703	928	685	22
704	37	1160	45
705	437	783	9
706	414	2780	45
707	100b	2736	72
708	94	597	47
709	30	1645	200
710	452	2022	0
711	111	1222	57
712	420a	2784	12
713	486	998	3
714	434	2403	32
715	90	1381	27
716	115	1388	22
717	424	2485	13
718	29	1484	70
719	105	2329	4
720	420	864	31
721	310	1553	0
722	924	2532	0
723	17	384	54
724	154	1113	43
725	462	2660	14
726	154	1568	85
727	927	2032	0
728	41	1215	67
729	40	2333	47
730	313	2366	5
731	154	1276	38
732	486	1127	36
733	130	1271	21
734	424	1125	4
735	8	1940	46
736	414	670	25
737	29	1820	87
738	106	1141	20
739	470	2028	0
740	125	780	12
741	414	2245	0
742	451	440	6
743	348	2408	28
744	914	1789	14
745	434	2670	24
746	331	2044	3
747	71	345	41
748	109	338	10
749	484	2041	3
750	464	1596	3
751	114	48	6
752	147	214	56
753	490	2612	14
754	916	1001	24
755	49	687	29
756	117	2454	83
757	108	843	18
758	324	1243	6
759	135	400	57
760	420	446	22
761	17	1325	14
762	103	1362	24
763	128	302	77
764	318a	1454	17
765	75	1994	2
766	905	1248	0
767	317a	1176	0
768	61	1423	17
769	50	2663	4
770	911	2043	22
771	29	478	75
772	111	77	46
773	35	1380	57
774	20	1446	37
775	15	445	33
776	70	409	32
777	30	695	134
778	140	1844	40
779	147	2136	43
780	492	1689	17
781	100c	917	12
782	70	908	24
783	92	152	53
784	310	2661	19
785	94	1826	57
786	16	466	26
787	142	2420	73
788	17	806	61
789	64	2674	10
790	30	391	44
791	35	565	11
792	146	819	0
793	462	2803	23
794	120	684	159
795	424	1732	28
796	128	301	108
797	948	2802	9
798	151	327	0
799	488b	1834	10
800	1	1158	10
801	115	1261	30
802	330	1044	7
803	120	1401	28
804	25	931	28
805	60	576	29
806	50	383	0
807	40	28	19
808	10	563	57
809	29	1684	82
810	410	2354	10
811	30	1451	191
812	5	2185	60
813	30b	1023	16
814	918	1818	20
815	150	1145	7
816	927	2556	10
817	75	580	3
818	82	20	11
819	41	2591	84
820	945	768	8
821	128	2401	121
822	29	2494	0
823	27	1006	39
824	117	1706	5
825	458a	2801	17
826	76	127	14
827	420	600	15
828	20	2520	89
829	331	1280	6
830	120	1918	179
832	120	517	185
833	155	2678	25
834	333	2246	2
835	956	938	51
836	459	383	0
837	80	522	33
838	100c	268	28
839	2	1429	3
840	90	210	36
842	62	1272	36
843	25	2722	155
844	62	284	44
845	101	432	46
846	30	1610	120
847	101	2175	60
848	465	1482	13
849	29	2701	108
850	16	1789	127
851	481a	2112	11
852	120	1396	23
853	82	2169	62
854	120	1923	55
855	483	412	3
856	153	2748	31
857	348	689	3
858	30	2341	50
859	421	1920	6
860	488b	1829	0
861	121	848	47
862	349	1204	32
863	101	2155	42
864	434	310	27
865	48	526	3
866	94	430	2
867	977	2838	8
868	433	657	1
869	150	1803	163
870	305	258	30
871	135	1678	38
872	924	2462	5
873	11	2158	41
874	46	109	6
875	142	2664	38
876	318	1892	0
877	465	1941	11
878	919	166	39
879	25	2226	45
880	121	2743	123
881	102	1239	35
882	420	356	13
883	11	781	34
884	420	193	26
885	922	379	0
886	450b	2149	7
887	64	2321	44
888	64	902	68
889	349	1443	34
890	142	994	11
891	491	2086	0
892	100c	2299	24
893	120	2359	219
894	333	1906	41
895	13	2156	44
896	94	2504	25
897	120	460	65
898	488c	2266	13
899	110	2365	22
900	305	228	16
901	410	513	24
902	126	2745	6
903	155	983	36
904	150	889	152
905	437a	930	2
906	924	2397	27
907	64	1573	20
908	71	1694	41
909	1	2717	209
910	349	1795	5
911	330	2765	14
912	436	2424	21
913	40	795	119
914	30b	631	35
915	25	1012	96
916	92	1282	17
917	945	862	11
918	80	222	43
919	49	1927	37
920	911	253	14
921	348	1373	30
922	484	302	0
923	458	2410	3
924	145	849	43
925	25	1754	59
926	420	2391	27
927	914	276	0
928	8	1725	78
929	914	1	50
930	146	2700	56
931	80	1214	236
932	85	304	0
933	135	21	27
934	113	767	104
935	422	2786	60
936	130	1149	37
937	2	1751	33
938	339	1081	0
939	127	529	63
940	420	1946	0
941	434	1242	14
942	90	2547	23
943	953	2521	20
944	4	1926	25
945	145	2433	47
946	402	2665	0
947	934a	1326	0
948	60	218	103
949	87	2607	11
950	488	248	11
951	921	1917	23
952	492	39	27
953	331	2003	11
954	8	627	51
955	2	359	41
956	110	2278	3
957	8	1925	108
958	80	2629	187
959	29	1979	50
960	482	2032	0
961	60	786	21
962	20	1792	152
963	150	1822	24
964	420	476	5
965	464	1788	4
966	98	200	13
967	146	1638	45
968	437	650	7
969	924	2555	12
970	458a	957	6
971	483	2811	9
972	348	2585	41
973	43	1620	5
974	109	1593	15
975	40	2196	97
976	146	1188	2
977	321	972	2
978	954	535	49
979	976	578	14
980	492	2267	3
981	151	856	38
982	120	173	1
983	75	1970	0
984	333	1400	33
985	972	35	3
986	488b	337	12
987	142	819	98
988	78	2045	82
989	120	257	114
990	35	436	79
991	348	347	37
992	102	703	17
993	80	148	51
994	331b	1978	1
995	71	2033	17
996	318a	2219	0
997	451	1504	2
998	348	296	10
999	924	2572	15
1000	962	259	21
1001	927	1592	24
1002	83	556	4
1003	60	1412	110
1004	8	180	59
1005	130	1285	128
1006	310	1739	9
1007	29	2353	72
1008	92	1275	16
1009	325	1534	1
1010	349	2101	24
1011	10	1692	10
1012	47	1503	21
1013	102	1995	60
1014	921a	524	4
1015	106	344	32
1016	465	179	0
1017	450a	614	1
1018	60	970	64
1019	30b	2535	29
1020	81	1510	39
1021	16	1697	105
1022	486	2099	9
1023	974	677	16
1024	348	2625	50
1025	968	1435	0
1026	111	987	17
1027	112	997	24
1028	100b	2007	27
1029	70	750	67
1030	4	1672	33
1031	963a	1883	5
1032	140	751	45
1033	482	2706	8
1034	961a	67	0
1035	13	518	55
1036	8	2073	38
1037	75	981	12
1038	120	1123	221
1039	64	2484	2
1040	412	1269	0
1041	401	30	1
1042	47	2174	33
1043	331	1351	5
1044	419	582	41
1045	121	1971	17
1046	80	1743	0
1047	110	555	20
1048	130	1973	113
1049	150	2714	12
1050	944	1828	10
1051	78	2727	112
1052	331b	1746	6
1053	419	2783	51
1054	100b	2165	58
1055	333	2552	24
1056	323	900	0
1057	62	2486	62
1058	30	1686	13
1059	419	2021	21
1060	136	2554	37
1061	64	2240	13
1062	5	1422	23
1063	49	666	63
1064	436	1304	8
1065	140	2415	49
1066	928	487	11
1067	41	2705	42
1068	17	1185	84
1069	62	932	101
1070	61	133	7
1071	94	2658	56
1072	319	1773	3
1073	498	926	6
1074	11	424	31
1075	418	1653	15
1076	420	700	24
1077	147	875	14
1078	419	24	3
1079	142	919	39
1080	117	1130	73
1081	304	2389	7
1082	324	1998	4
1083	11	2182	60
1084	2	1894	0
1085	310	2166	5
1086	961a	679	10
1087	2	947	31
1088	41	357	74
1089	25	379	93
1090	128	858	48
1091	87	723	0
1092	106	2217	52
1093	921	2435	6
1094	434	2475	13
1095	117	884	65
1096	4	2088	37
1097	76	1661	7
1098	154	1953	51
1099	966	1509	7
1100	17	986	0
1101	147	1251	8
1102	60	2362	56
1103	436	1619	36
1104	318a	1045	7
1105	90	680	69
1106	17	1790	5
1107	90	1165	44
1108	30b	1512	10
1109	408	2777	6
1110	2	2170	7
1111	121	2206	86
1112	928	62	24
1113	5	350	16
1114	125	1170	93
1115	418	24	3
1116	142	2319	36
1117	130	2305	67
1118	954	1539	12
1119	120	1476	170
1120	64	2438	17
1121	121	1308	61
1122	110	623	14
1123	956	353	64
1124	325	1870	0
1125	46	2382	45
1126	108	1485	19
1127	418	196	26
1128	14	2265	37
1129	140	2601	102
1130	127	1787	101
1131	125	1131	34
1132	406	543	2
1133	121	1761	34
1134	98	2151	11
1135	10	2131	66
1136	30	1057	146
1137	40	2517	209
1138	4	2350	18
1139	82	821	6
1140	437	930	2
1141	88	342	14
1142	420a	2543	9
1143	130	54	86
1144	80	1871	66
1145	406	270	0
1146	112	1270	34
1147	121	333	76
1148	125	1252	25
1149	145	2301	35
1150	87	2349	48
1151	41	1657	39
1152	422	861	54
1153	339b	2008	5
1154	317	2499	2
1155	963a	738	7
1156	42	1807	64
1157	147	1448	50
1158	120	2544	25
1159	1	2383	86
1160	114	1080	12
1161	45	2269	34
1162	85	608	11
1163	967	612	8
1164	462	461	0
1165	71	2710	16
1166	956	1590	43
1167	125	1814	73
1168	47	1460	5
1169	17	2320	33
1170	906	2063	26
1171	38	2525	0
1172	464	2804	12
1173	100c	2576	47
1174	128	358	19
1175	456	1865	8
1176	80	1609	21
1177	21	1321	41
1178	953	1374	10
1179	918	105	13
1180	35	1756	26
1181	130	2700	52
1182	349	1487	39
1183	424	1182	21
1184	150	1009	107
1185	928	190	38
1186	36	346	19
1187	450b	2794	16
1188	155	945	0
1189	75	2652	15
1190	111	1884	12
1191	70	2115	21
1192	88	2449	0
1193	142	1665	76
1194	8	1532	43
1195	9	2719	50
1196	924	1630	10
1197	60	2152	142
1198	26	293	20
1199	76	2726	18
1200	954	2578	30
1201	82	659	42
1202	29	2448	65
1203	16	2203	151
1204	40	1414	23
1205	127	1934	24
1206	963	1432	13
1207	15	760	6
1208	325	2764	7
1209	49	2471	68
1210	1	1365	46
1211	916	1805	6
1212	100b	451	34
1213	75	1303	29
1214	50	2052	29
1215	81	1082	9
1216	420	1723	14
1217	317	640	9
1218	484	2339	4
1219	155	2268	10
1220	914	1758	4
1221	46	1873	53
1222	40	1993	9
1223	458a	693	12
1224	40	892	4
1225	90	726	33
1226	414	1293	18
1227	45	1213	24
1228	911	1006	0
1229	135	1987	67
1230	30	922	95
1231	1	1714	144
1232	30	2478	143
1233	26	1122	25
1234	136	1623	42
1235	492	477	28
1236	20	2228	109
1237	110	737	33
1238	460	82	2
1239	486	2114	2
1241	484	3	19
1242	17	140	74
1243	78	1542	78
1244	317	2167	3
1245	18	986	0
1246	916	475	27
1247	1	298	129
1248	140	199	36
1249	48	2666	0
1250	36	34	44
1251	323	2762	6
1252	147	1679	49
1253	317a	2757	4
1254	945	4	18
1255	16	569	114
1256	450b	614	1
1257	490	1585	15
1258	86	1959	42
1259	29	2597	42
1260	452	2796	2
1261	35	885	14
1262	50	2419	34
1263	914	1646	17
1264	414	1863	36
1265	305	2227	7
1267	113	1561	58
1268	958	2525	9
1269	460	52	5
1270	87a	2051	0
1271	121	484	116
1272	146	375	14
1273	332	2423	9
1274	918	1153	17
1275	4	86	4
1276	419	830	23
1277	418	2782	39
1278	40	1312	134
1279	13	1078	30
1280	424	2582	16
1281	11	1442	6
1282	410	2066	27
1283	62	769	53
1284	481	2808	9
1285	482	1385	11
1286	317	1176	11
1287	414	1002	21
1288	456	698	17
1289	90	2629	5
1290	81	1976	0
1291	155	472	33
1292	100c	2183	50
1293	305	203	4
1294	80	1172	134
1295	455	1424	0
1296	106	961	21
1297	146	93	8
1298	105	128	7
1299	419	2581	44
1300	418	2531	31
1301	924	747	31
1302	324	2693	11
1303	486	1179	24
1304	87	1955	8
1305	459	2124	17
1306	956	1962	4
1307	108	1205	27
1308	103	939	18
1309	117	336	16
1310	145	439	62
1311	125a	2536	18
1312	27	2096	25
1313	488	2387	8
1314	456	1210	17
1315	35	2574	97
1316	349	2589	4
1317	108	2291	63
1318	422	548	38
1319	927	1019	13
1320	110	2677	0
1321	120	1667	84
1322	147	1187	64
1323	30	595	108
1324	305	2162	18
1325	125	2458	98
1326	111	1279	21
1328	962	437	0
1329	498	1282	0
1330	147	507	25
1331	65	1544	49
1332	29	2118	101
1333	150	2314	85
1334	75	1465	22
1335	954	2522	10
1336	75	188	70
1337	81	1394	69
1338	140	2141	91
1339	50	1230	36
1340	147	1745	33
1341	43	102	17
1343	308	2351	6
1344	929	1796	8
1345	956	179	0
1346	418	881	18
1347	50	2079	55
1348	419	245	13
1349	145	1404	18
1350	13	168	86
1351	62	1741	23
1352	420	501	32
1353	113	1522	108
1354	480	1402	0
1355	80	2489	173
1356	50	867	22
1357	16	1792	142
1358	121	2222	83
1359	41	838	29
1360	11	26	50
1361	92	741	34
1362	1	683	151
1363	433	828	12
1364	142	1831	80
1365	105	1249	26
1366	418	164	38
1367	436	2648	15
1368	30	1808	128
1369	422	1747	49
1370	29	631	117
1371	130	953	23
1372	27	1932	28
1373	90	1982	71
1374	120	1781	128
1375	9	311	35
1376	424	1319	25
1378	436	481	39
1379	18	1558	8
1380	308a	742	2
1381	13	1896	47
1382	81	1120	22
1383	38	61	9
1384	130	2361	82
1385	488a	143	4
1386	16	319	115
1387	147	2545	18
1388	95	1614	0
1389	37	1618	57
1390	117	2183	99
1391	27	1055	6
1392	90	2134	0
1393	98	776	37
1394	420	2337	39
1395	87	2561	25
1396	42	1523	41
1397	976	1711	9
1398	11	804	27
1399	121	2456	44
1400	65	852	31
1401	102	1338	26
1402	16	2429	108
1403	455a	2799	20
1404	61	1897	21
1405	135	1989	16
1406	480	186	11
1407	153	746	18
1408	305	453	14
1409	86	304	0
1410	128	1864	7
1411	30	1862	115
1412	349	916	45
1413	490	2263	2
1414	490	791	7
1415	87	1817	22
1416	972	1348	7
1417	8	1728	0
1418	945	2181	8
1419	481	1875	0
1420	26	631	0
1421	486	1582	2
1422	71	1727	37
1423	130	705	139
1424	436	2233	11
1425	87	1570	26
1427	455a	398	14
1428	29	271	30
1429	331b	588	3
1430	64	1752	27
1431	116	717	23
1432	92	1177	29
1433	10	1442	6
1434	78	2194	109
1435	25	775	87
1436	11	1462	58
1437	155	820	18
1438	88	1508	10
1439	135	810	91
1440	81	76	46
1441	420	1869	20
1442	922	801	3
1443	70	2026	17
1444	436	1392	56
1445	20	2672	75
1446	349	91	0
1447	114	2279	37
1448	140	845	87
1449	125	49	83
1450	406	322	3
1451	482	1537	20
1452	111	873	37
1453	4	2633	27
1454	304	1273	1
1455	919	319	26
1456	142	1361	33
1457	410	2282	5
1458	962	566	42
1459	967	635	11
1460	113	48	64
1461	962	1174	10
1462	330	1746	1
1463	498	2189	8
1464	64	2464	23
1465	420	1518	3
1466	966	2463	20
1467	25	2075	100
1468	30	892	4
1469	30	732	105
1470	41	1192	61
1471	17	2024	20
1472	114	2027	0
1473	319	2659	1
1474	78	162	33
1475	974	132	9
1476	8	955	68
1477	92	2371	31
1478	98	545	51
1479	109	1769	33
1480	40	906	214
1481	333	455	8
1482	30b	898	25
1483	29	668	90
1484	453	2120	6
1485	80	1910	244
1486	111	1685	39
1487	100b	2469	21
1488	100c	2034	5
1489	470	2671	1
1490	130	257	14
1491	60	220	46
1492	25	2626	81
1493	967	1132	22
1494	30	1651	102
1495	954	1579	37
1496	78	1960	104
1497	906	71	10
1498	410	2414	16
1499	108	540	94
1500	969	2512	31
1501	924	721	37
1502	484	98	6
1503	80	1162	39
1504	401	1985	4
1505	76	45	12
1506	308	1589	0
1507	8	533	61
1508	318a	2161	1
1509	483	2038	8
1510	102	2032	74
1511	146	2649	31
1512	101	2624	34
1513	130	1109	124
1514	420a	2553	11
1515	106	1277	35
1516	49	334	72
1517	30	1118	154
1518	140	1928	108
1519	313	459	0
1520	348	2083	19
1521	911	736	20
1522	20	1600	35
1523	109	1143	64
1524	117	643	86
1525	928	1102	8
1526	18	1567	6
1527	11	1798	28
1528	100b	2183	0
1529	963	914	29
1530	71	1229	27
1531	911	1167	25
1532	125	525	89
1533	70	2413	22
1534	419	1458	37
1535	27	325	19
1536	498	213	13
1537	482	799	18
1538	450b	1556	3
1539	958	626	45
1540	1	2546	9
1541	100b	1501	54
1542	8	722	85
1543	8	229	74
1544	956	2632	68
1545	348	1070	26
1546	420	1688	17
1547	305	1852	1
1548	921	1969	38
1549	127	788	68
1550	127	302	39
1551	16	1845	99
1552	150	789	117
1553	17	2683	36
1554	87	141	43
1555	142	1121	14
1556	491	2818	12
1557	408	2307	3
1558	30b	169	19
1559	348	2697	22
1560	146	661	37
1561	919	702	22
1562	325	835	6
1563	419	2385	35
1564	40	1891	102
1565	113	1546	70
1566	1	1219	83
1567	100c	2030	40
1568	60	1327	51
1569	401	558	5
1570	2	2676	19
1571	29	1091	96
1572	152	159	9
1573	142	1536	20
1574	142	562	0
1575	150	636	97
1576	100c	1775	31
1577	26	382	11
1578	491	1290	4
1579	94	1110	18
1580	100c	2454	34
1581	339	2769	15
1582	30	1642	33
1583	27	922	0
1584	958	1520	11
1585	324	1870	0
1586	419	2540	32
1587	128	1466	23
1588	919	1483	34
1589	121	1148	121
1590	127	869	3
1591	10	616	12
1592	101	1543	0
1593	120	928	100
1594	100b	1419	30
1595	12	2720	15
1596	109	1908	6
1597	308	297	5
1598	422	2187	12
1599	60	2517	129
1600	127	847	88
1601	486	2274	7
1602	35	1800	45
1604	27	1446	31
1605	482a	2810	12
1606	968	262	4
1607	492	2490	7
1608	906	2011	0
1609	130	1330	47
1610	37	706	29
1611	103	859	28
1612	25	361	133
1613	49	1350	31
1614	349	2002	14
1615	922	1173	19
1616	142	2148	48
1617	410	2064	29
1618	128	411	11
1619	421	1584	8
1620	70	1894	0
1621	976	1737	5
1622	945	924	14
1623	153	2422	25
1624	418	2533	28
1625	36	2013	15
1626	8	570	35
1627	125	2072	65
1628	324	2236	3
1629	136	236	29
1630	318a	1622	4
1631	4	2225	28
1632	100b	846	39
1633	70	1549	55
1634	436	121	45
1635	17	181	102
1636	147	1092	75
1637	339	2008	5
1638	60	906	134
1639	13	1161	82
1640	462	528	6
1641	455	22	7
1642	486	263	1
1643	14	2381	29
1644	147	1264	70
1645	419	1770	19
1646	86	340	22
1647	911	497	20
1648	62	1936	51
1649	46	707	36
1650	125	991	15
1651	81	2588	57
1652	455	204	17
1653	1	41	59
1654	81	1535	76
1655	40	2209	177
1656	35	431	83
1657	113	473	89
1658	307	966	0
1659	146	2130	10
1660	45	2494	0
1661	972	1478	2
1662	492	234	22
1663	348	321	32
1664	136	1880	0
1665	305	1632	24
1666	30	2494	67
1667	60	2643	60
1668	121	1496	113
1669	436	2467	33
1670	406	1907	6
1671	424	2569	24
1672	923	326	0
1673	86	1500	28
1674	127	2737	113
1675	2	2404	6
1676	25	360	90
1677	43	1641	0
1678	348	1530	43
1679	414a	2245	0
1680	94	771	23
1681	453	1265	7
1683	918	182	10
1684	486	1816	5
1685	906	1913	14
1686	488c	2178	18
1687	145	1389	40
1688	26	1220	16
1689	45	2491	30
1690	30	1417	85
1691	30	1828	77
1692	436	657	1
1693	142	1894	1
1694	94	564	34
1695	914	1058	22
1696	48	1927	13
1697	81	925	15
1698	5	1326	22
1699	50	1498	42
1700	8	2142	64
1701	963a	1093	0
1702	422	1253	2
1703	1	1311	202
1704	113	2559	38
1705	142	1331	93
1706	458a	687	0
1707	107	2281	22
1708	30	2042	157
1709	323	1911	1
1710	2	1701	14
1711	49	392	50
1712	62	1093	75
1713	418	390	15
1714	116	2183	0
1715	462	1138	10
1716	324	2208	5
1717	15	724	1
1718	945	1332	3
1719	16	2472	28
1720	127	2176	107
1721	30	1964	73
1722	490	2416	11
1723	61	1704	3
1724	488c	1268	18
1725	434	433	1
1726	135	2147	31
1727	921	2716	30
1728	436	1948	24
1729	458	441	0
1730	82	418	33
1731	418	2283	36
1732	45	2696	9
1733	106	1848	11
1734	127	427	84
1735	35	838	2
1736	486	122	32
1737	18	604	2
1738	107	1901	2
1739	484	2343	24
1740	48	2548	6
1741	150	8	144
1742	89	1876	0
1743	113	2258	76
1744	140	1029	27
1745	121	1489	104
1746	136	1521	17
1747	921	586	18
1748	107	2677	0
1749	29	2216	38
1750	121	1336	49
1751	967	2028	0
1752	419	390	15
1753	465	2805	21
1755	349	94	21
1756	482	963	5
1757	20	1597	85
1758	310	2687	8
1759	140	894	99
1760	2	984	12
1761	120	2530	225
1762	317	2566	6
1763	433	433	0
1764	145	765	58
1765	37	2103	11
1766	121	1859	30
1767	450a	2242	2
1768	117	2030	89
1769	127	2315	91
1770	65	911	21
1771	492	2479	12
1772	934a	37	2
1773	977	2271	5
1774	10	1780	54
1775	107	2739	33
1776	972	2060	9
1777	436	2293	41
1778	116	475	34
1779	92	1837	11
1780	29	1133	44
1781	78	2367	87
1782	16	1529	0
1783	486	2500	4
1784	155	2619	6
1785	5	1583	17
1786	110	249	44
1787	18	1288	11
1789	968	887	34
1790	75	1823	60
1791	147	547	0
1792	140	819	33
1793	456	729	12
1794	492	142	29
1795	40	2005	228
1797	437a	833	7
1798	46	2153	61
1799	78	1636	53
1800	64	376	35
1801	135	1799	41
1802	98	1069	7
1803	43	1967	21
1804	30	2317	56
1805	153	95	21
1806	317	206	4
1807	76	1555	6
1808	953	215	6
1809	65	1524	5
1810	125	2065	58
1811	154	2028	52
1812	15	2667	28
1813	116	1199	19
1814	1	658	103
1815	117	2563	33
1816	77	425	6
1817	80	2608	113
1818	100c	1292	18
1819	488c	225	16
1820	927	2190	18
1821	29	1340	86
1822	152	14	31
1823	83	2730	5
1824	480	2518	14
1825	424	1049	12
1826	92	599	39
1827	80	1147	49
1828	130	1444	95
1829	422	1309	33
1830	120	927	39
1831	481a	1986	8
1832	154	902	0
1833	456	2184	19
1834	20	1166	9
1835	120	688	40
1836	107	1848	11
1837	40	1967	93
1838	484	2620	5
1839	332	536	0
1840	147	1144	57
1841	480	120	5
1842	102	295	46
1843	969	2127	60
1844	8	1984	93
1845	20	1655	98
1846	142	2080	82
1847	128	2017	86
1848	924	13	3
1849	147	790	11
1850	30	280	41
1851	121	429	37
1852	903	656	0
1853	905	2100	7
1854	333	860	31
1855	70	1824	43
1856	26	931	28
1857	94	1136	14
1858	29	874	73
1859	917	1418	0
1860	78	69	39
1861	47	879	17
1862	12	68	11
1863	110	1114	39
1864	916	832	22
1865	433	163	3
1866	108	240	3
1867	60	944	9
1868	339	2192	7
1869	9	277	36
1870	106	1901	2
1871	90	625	85
1872	65	461	60
1873	71	409	47
1874	5	160	29
1875	146	43	40
1876	60	2154	41
1877	436	728	64
1878	401	2633	0
1879	30b	851	10
1880	954	1875	54
1881	65	1289	26
1882	142	1237	84
1883	945	1343	10
1884	80	2134	182
1885	20	283	59
1886	914	1750	56
1887	1	1887	51
1888	87	2113	31
1889	318a	1892	20
1890	967	2290	7
1891	419	530	47
1892	128	363	115
1893	5	2298	82
1894	103	904	40
1895	414	171	42
1896	127	827	5
1897	17	968	93
1898	61	324	24
1899	424a	975	3
1900	17	2140	90
1901	80	1359	138
1902	40	2595	143
1903	41	645	46
1904	30	303	20
1905	944	2696	0
1906	480	753	6
1907	422	1459	24
1908	5	274	79
1909	17	840	15
1910	71	974	31
1911	956	308	56
1912	46	902	84
1913	64	469	41
1914	62	1554	71
1915	956	1436	12
1916	98	815	44
1917	8	1855	22
1918	113	850	96
1919	70	1970	34
1920	35	2704	75
1921	25	1233	68
1922	422	793	8
1923	486	912	3
1924	80	433	256
1925	42	690	33
1926	116	1785	27
1927	10	298	2
1928	136	863	5
1929	50	1437	23
1930	482	2199	20
1931	81	2729	79
1932	80	1181	11
1933	16	1355	124
1934	401	2665	7
1935	80	136	36
1936	83	2325	0
1937	13	5	14
1938	962	250	12
1939	459	1784	14
1940	125	1014	42
1941	145	547	65
1942	5	341	48
1943	903	2009	9
1944	145	130	21
1945	43	1477	8
1946	325	332	5
1947	30	1560	18
1948	108	667	68
1949	969	1159	8
1950	17	2229	77
1951	437a	380	0
1952	14	1345	0
1953	65	420	46
1954	414	2459	2
1955	150	1743	0
1956	15	722	0
1957	152	312	16
1958	45	503	18
1959	62	324	43
1960	29	836	84
1961	410	63	12
1962	114	2377	43
1963	333	630	17
1964	419	488	1
1965	103	260	43
1966	928	2092	32
1967	108	2051	103
1968	15	844	38
1969	75	1447	66
1970	60	104	106
1971	420a	2256	2
1972	24	2532	0
1973	420a	1030	7
1974	140	2324	151
1975	919	1449	51
1976	330	2398	2
1977	422	1430	36
1978	928	2532	42
1979	914	682	11
1980	456	1390	4
1981	135	2094	87
1982	92	1992	46
1983	65	2005	0
1984	75	1117	6
1985	113	1562	35
1986	127	684	0
1987	408	1238	1
1988	20	1017	136
1989	318	147	3
1990	22	1631	8
1991	963	2318	22
1992	492	1106	32
1993	147	1128	37
1994	49	315	75
1995	120	1528	8
1996	128	117	68
1997	484	1708	23
1998	49	954	20
1999	488b	1244	6
2000	330	75	4
2001	490	2817	17
2002	127	1296	18
2003	40	355	146
2004	90	176	81
2005	40	167	114
2006	41	441	10
2007	317	1171	10
2008	13	270	79
2009	70	2654	72
2010	414	664	4
2011	333	1717	40
2012	414a	2459	2
2013	120	111	89
2014	339	598	9
2015	60	2632	84
2016	25	426	126
2017	921	986	0
2018	121	2201	100
2019	418	245	13
2020	135	2276	55
2021	20	2526	23
2022	424	99	0
2023	450b	1151	8
2024	954	1163	14
2025	120	809	133
2026	317	1357	0
2027	30b	113	22
2028	60	211	71
2029	968	1726	26
2030	106	1628	29
2031	78	2139	68
2032	319	740	2
2033	152	1257	13
2034	121	2605	25
2035	16	12	48
2036	921	1764	28
2037	918	2823	22
2038	110	189	72
2039	70	546	17
2040	15	708	1
2041	953	1971	0
2042	481a	1368	5
2043	50	378	44
2044	117	1506	43
2045	21	779	18
2046	120	1821	141
2047	140	1880	118
2048	21	55	9
2049	90	362	40
2050	498	364	10
2051	62	353	4
2052	418	488	1
2053	18	29	4
2054	82	2270	36
2055	142	1433	55
2056	120	1914	14
2057	921a	2135	6
2058	108	1819	16
2059	481a	2428	7
2060	437a	2792	9
2061	125	99	63
2062	117	1776	77
2063	30	1168	185
2064	42	1035	48
2065	109	2234	55
2066	16	1771	73
2067	414	58	13
2068	414	2095	39
2069	18	1779	13
2070	323	1777	3
2071	434	2789	37
2072	450a	1940	0
2073	102	629	68
2074	48	2037	9
2075	2	1207	32
2076	75	2069	40
2077	127	1945	32
2078	934	160	0
2079	943	855	7
2080	92	339	55
2081	152	1857	36
2082	120	2117	38
2083	151	2657	9
2084	456	591	31
2085	30	1563	159
2086	90	396	14
2087	9	194	23
2088	969	1250	35
2089	29	125	36
2090	10	979	72
2091	424	135	6
2092	128	2600	64
2093	25	1173	112
2094	25	139	92
2095	70	235	70
2096	151	67	30
2097	331a	2766	6
2098	154	537	91
2099	109	240	3
2100	90	205	21
2101	968	542	9
2102	128	2076	39
2103	121	802	73
2104	25	2647	47
2105	8	1881	116
2106	310	549	20
2107	90	2125	64
2108	109	2677	0
2109	42	385	9
2110	422	676	40
2111	966	1662	14
2112	115	1966	6
2113	60	1016	124
2114	111	1413	51
2115	958	486	34
2116	40	946	108
2117	450a	316	4
2118	434	617	2
2119	29	38	16
2120	64	2005	0
2121	420	1018	37
2122	313	2756	7
2123	30	2358	124
2124	114	281	10
2125	486	1300	30
2126	88	2461	5
2127	1	590	89
2128	20	593	73
2129	120	2742	254
2130	945	2640	16
2131	146	1105	18
2132	954	494	45
2133	77	2106	21
2134	146	70	20
2136	101	1363	9
2137	145	405	11
2138	86	1266	38
2139	414	1922	9
2140	333	2768	49
2141	934	2828	12
2142	482	677	29
2143	339b	2192	7
2144	100b	1572	16
2145	107	2437	25
2146	108	1455	73
2147	107	198	9
2148	71	1197	29
2149	60	2519	91
2150	80	1528	8
2151	410	36	18
2152	151	1626	16
2153	20	2292	31
2154	1	1411	71
2155	29	157	103
2156	15	1793	50
2157	142	1255	22
2158	65	2257	12
2159	147	403	54
2160	147	652	77
2161	30	1077	52
2162	108	2677	0
2163	65	1099	58
2164	36	2188	32
2165	9	1861	17
2166	37	61	0
2167	128	1450	69
2168	78	1431	92
2169	44	15	8
2170	146	1389	27
2171	128	442	119
2172	113	189	52
2173	30	1502	173
2174	486	2813	42
2175	25	1643	138
2176	905	2483	13
2177	458	2313	16
2178	27	1033	22
2179	146	2599	34
2180	923	2713	16
2181	41	1052	8
2182	319	2173	0
2183	331	1286	3
2184	127	1262	96
2185	954	606	24
2186	8	609	102
2187	106	1074	5
2188	488c	2311	14
2189	488	615	9
2190	111	933	31
2191	914	1155	25
2192	436	1087	54
2193	90	2584	31
2194	40	1460	169
2195	90	2732	90
2196	117	1015	52
2197	30	1909	111
2198	330	2244	11
2199	305	579	29
2200	12	423	8
2201	25	2446	60
2202	109	265	40
2203	117	244	35
2204	40	1096	154
2205	488a	2699	2
2206	89	1391	10
2207	905	2821	15
2208	26	763	22
2209	954	759	44
2210	422	1663	45
2211	331	1951	14
2212	120	792	50
2213	2	331	25
2214	917	1217	1
2215	114	1196	16
2216	420	2144	10
2217	120	2264	74
2218	108	877	49
2219	121	1946	0
2220	86	282	49
2221	5	1742	51
2222	308	742	2
2223	128	1942	101
2224	922	2615	10
2225	921a	18	7
2226	958	61	0
2227	333	2621	0
2228	27	271	9
2229	78	483	48
2230	945	239	2
2231	16	2539	135
2232	154	2370	25
2233	25	2111	114
2234	47	568	24
2235	921	1236	7
2236	153	1538	10
2237	323	19	5
2238	484	53	1
2239	113	1383	43
2240	152	2570	24
2241	121	1103	52
2242	9	74	3
2243	967	935	20
2244	492	1079	16
2245	77	88	4
2246	10	2534	18
2247	928	1712	29
2248	92	223	21
2249	80	831	106
2250	120	1806	151
2251	488c	1888	3
2252	94	2119	73
2253	109	184	14
2254	111	1935	6
2255	135	1479	24
2256	110	1457	8
2257	115	1129	12
2258	958	669	39
2259	142	2653	86
2260	147	1089	15
2261	120	1912	117
2262	420a	638	5
2263	456	554	10
2264	107	1074	5
2265	424	2515	23
2266	62	170	82
2267	16	969	55
2268	45	871	25
2269	414a	2004	6
2270	140	1339	0
2271	498	587	3
2272	154	1353	75
2273	64	505	60
2274	35	500	41
2275	60	1025	97
2276	348	1258	17
2277	330	1395	8
2278	125	131	39
2279	150	2634	42
2280	492	2218	10
2281	2	778	39
2282	307	2751	8
2283	410	2016	22
2284	421	81	7
2285	116	1937	30
2286	929	1705	4
2287	100b	1043	50
2288	120	1639	68
2289	331a	175	3
2290	71	1480	6
2291	490	1721	9
2292	5	329	11
2293	25	2637	72
2295	419	1337	9
2296	130	2405	105
2297	116	1939	52
2298	4	87	32
2299	962	2496	18
2300	125	2211	88
2301	434	1022	6
2302	492	299	20
2303	922	1938	13
2305	100b	1724	61
2306	410	1475	7
2307	113	2014	30
2308	50	1514	13
2309	140	967	96
2310	25	2212	80
2311	145	928	0
2312	304	1384	3
2313	70	1405	27
2314	20	1474	81
2315	12	1111	3
2316	27	56	13
2317	1	305	123
2318	147	2295	24
2319	10	1649	25
2320	1	915	174
2321	433	1513	10
2322	62	814	67
2323	86	2169	72
2324	92	1949	7
2325	459	2313	24
2326	410	1329	2
2327	348	1048	48
2328	450a	2793	12
2329	30	2635	149
2330	433	421	14
2331	113	1690	23
2332	437	380	0
2333	130	2284	32
2334	81	2306	11
2335	928	2213	35
2336	349	197	36
2337	458c	2313	0
2338	111	2027	0
2339	37	1375	37
2340	310	32	2
2341	40	1223	74
2342	488c	2816	20
2343	421	1050	0
2344	483	1284	4
2345	60	2005	148
2346	62	1067	54
2347	40	527	61
2348	433	794	17
2349	418	1770	19
2350	2	86	49
2351	482a	2575	10
2352	35	179	0
2353	102	1958	64
2354	332	2767	10
2355	906	2241	28
2356	150	1493	34
2357	90	395	77
2358	962	2492	37
2359	71	2224	14
2360	486a	2507	2
2361	75	710	38
2362	128	243	98
2363	109	416	63
2364	80	1037	202
2365	458	6	11
2366	490	897	1
2367	40	2364	32
2368	64	899	56
2369	117	1669	50
2370	47	1762	27
2371	42	766	75
2372	60	2023	78
2373	436	509	19
2374	120	1659	30
2375	414	1054	26
2376	41	2316	90
2377	437	2791	11
2378	1	1755	139
2379	968	2308	19
2380	62	2632	0
2381	103	410	4
2382	42	1641	39
2383	121	2039	42
2384	482	92	10
2385	130	17	98
2386	65	2611	34
2387	16	1059	103
2388	150	854	158
2389	147	2137	45
2390	422	756	49
2391	966	144	16
2392	462	1879	13
2393	117	174	79
2394	450b	2242	2
2395	317b	1176	0
2396	924	841	29
2397	331b	2044	7
2398	923	72	20
2399	434	419	30
2400	29	1356	88
2401	62	959	81
2402	25	60	55
2403	4	2100	9
2404	113	1640	101
2405	80	1211	13
2406	954	2481	41
2407	492	1516	18
2408	102	785	31
2409	154	1435	20
2410	103	511	0
2411	9	533	0
2412	40	2666	124
2413	424	2363	14
2414	40	443	191
2415	36	1605	35
2416	465	2171	5
2417	486	2400	2
2418	81	727	73
2419	16	1344	111
2420	2	286	36
2421	65	1090	24
2422	100c	233	43
2423	13	781	58
2424	30	1552	118
2425	307	309	6
2426	105	2677	0
2427	50	902	60
2428	25	246	52
2429	420	1682	4
2430	458c	2537	4
2431	458a	1137	5
2432	330	2108	2
2433	103	2628	9
2434	1	1601	183
2435	419	1838	36
2436	464	932	0
2437	25	2262	129
2438	453	2655	3
2439	80	696	169
2440	339b	598	9
2441	77	1683	25
2442	80	1680	197
2443	142	59	5
2444	921	573	40
2445	13	1038	61
2446	152	2314	0
2447	35	1929	63
2448	152	1469	28
2449	318a	1550	4
2450	153	1957	5
2451	963a	2835	13
2452	310	2754	30
2453	4	1757	36
2454	1	2439	22
2455	80	304	87
2456	20	1441	6
2457	46	2639	22
2458	136	2746	44
2459	41	1962	37
2460	434	1999	18
2461	410	2107	2
2462	455a	1828	0
2463	142	1152	64
2464	453	2022	0
2465	433	2788	20
2466	956	2519	61
2467	455	406	19
2468	304	2749	11
2469	498	2819	16
2470	484	1991	21
2471	27	730	2
2472	928	1294	19
2473	969	1526	56
2474	14	813	14
2475	109	1575	17
2476	30	181	221
2477	128	1946	0
2478	126	131	0
2479	1	892	4
2480	62	2210	25
2481	94	2529	39
2482	136	2121	20
2483	130	145	54
2484	29	294	79
2485	324	354	9
2486	14	1804	10
2487	150	2746	175
2488	961a	279	7
2489	460	2802	8
2490	331	75	4
2491	948	1833	4
2492	339	743	10
2493	125	1975	61
2494	154	1463	44
2495	147	1598	73
2496	80	2728	266
2497	450b	1354	14
2498	488b	1020	2
2499	113	2027	58
2500	71	993	21
2501	29	1836	33
2502	921	2616	32
2503	420a	1869	0
2504	458	1134	20
2505	402	2326	3
2506	85	112	9
2507	47	2724	36
2508	330	1841	13
2509	40	1765	28
2510	81	584	50
2511	424a	2485	0
2512	25	2049	149
2513	135	1707	2
2514	98	1061	40
2515	140	27	72
2516	150	1047	70
2517	82	1976	0
2518	1	2298	94
2519	71	367	18
2520	117	2598	20
2521	130	642	108
2522	36	620	29
2523	482	2432	15
2524	120	1946	196
2525	102	893	53
2526	918	986	0
2527	30	474	163
2528	25	1810	10
2529	117	1154	61
2530	29	2527	30
2531	15	2260	30
2532	110	715	67
2533	13	1024	21
2534	154	1349	9
2535	103	553	7
2536	945	2394	3
2537	11	1006	79
2538	332	419	2
2539	911	2105	5
2540	22	379	23
2541	906	50	20
2542	25	1358	65
2543	117	2368	29
2544	948	470	6
2545	109	798	48
2546	95	2550	8
2547	80	454	162
2548	20	979	124
2549	102	428	14
2550	80	1981	147
2551	102	2608	0
2552	311	2755	9
2553	100c	643	37
2554	460	2090	4
2555	482	1063	22
2556	966	2028	0
2557	150	155	126
2558	30	116	170
2559	46	1967	9
2560	418	2388	14
2561	330	1286	3
2562	154	2195	17
2563	29	1778	4
2564	49	520	43
2565	130	817	119
2566	147	1612	60
2567	90	320	49
2568	125	256	50
2569	921a	2825	9
2570	42	2084	56
2571	135	1247	50
2572	85	665	5
2573	436	314	30
2574	492	1083	30
2575	20	2205	83
2576	64	335	5
2577	333	1085	26
2578	9	1209	44
2579	414a	291	16
2580	154	1954	70
2581	94	1748	65
2582	422	1007	52
2583	81	232	54
2584	41	383	0
2585	945	1339	0
2586	921	1860	20
2587	419	1031	31
2588	419	1653	15
2589	127	264	58
2590	420	468	36
2591	974	2538	6
2592	10	2031	23
2593	923	2443	6
2594	4	368	3
2595	62	437	89
2596	130	465	27
2597	482a	942	8
2598	78	64	67
2599	108	1551	58
2600	308a	1589	0
2601	484	1902	5
2602	111	2692	50
2603	481a	1634	10
2604	451	2534	0
2605	451	2129	7
2606	112	2183	0
2607	963	2375	25
2608	8	2303	41
2609	78	1481	45
2610	103	1455	45
2611	15	2497	17
2612	135	99	62
2613	17	2379	100
2614	78	2590	19
2615	319	2055	2
2616	414a	1952	34
2617	35	610	20
2618	62	2623	12
2619	40	109	90
2620	954	386	50
2621	311	508	8
2622	488	2453	3
2623	8	2265	31
2624	434	450	25
2625	968	1898	41
2626	434	138	15
2627	333	377	6
2628	1	129	29
2629	155	285	42
2630	42	2399	27
2631	101	2737	70
2632	120	1186	45
2633	459	1977	16
2634	4	590	48
2635	116	151	43
2636	130	2243	137
2637	80	2682	238
2638	49	1269	16
2639	65	1664	11
2640	422	2452	44
2641	115	649	18
2642	311	2603	0
2643	17	290	24
2644	35	1827	8
2645	455	2474	13
2646	75	2057	48
2647	110	1383	63
2648	41	2695	81
2649	969	592	21
2650	106	718	13
2651	410	704	26
2652	30	2506	57
2653	410	2231	31
2654	62	195	27
2655	113	1060	84
2656	313	2651	3
2657	98	183	47
2658	40	2470	53
2659	102	2078	23
2660	37	1617	7
2661	26	51	26
2662	455	2798	22
2663	945	2000	12
2664	5	2494	0
2665	121	2458	57
2666	101	1376	28
2667	145	1341	41
2668	60	1875	114
2669	414a	1472	36
2670	92	2134	0
2671	75	2198	10
2672	20	2338	132
2673	94	692	68
2674	92	2733	58
2675	106	2606	41
2676	16	701	77
2677	459	2537	21
2678	20	2436	105
2679	152	2122	33
2680	450b	316	4
2681	147	2019	67
2682	456	2536	0
2683	130	2330	10
2684	305	2586	0
2685	15	2215	46
2686	436	663	26
2687	100b	1108	45
2688	969	1637	11
2689	125	2193	28
2690	89	2040	16
2691	914	796	21
2692	135	886	76
2693	17	857	1
2694	21	1076	57
2695	105	2254	33
2696	482	480	17
2697	135	2126	80
2698	147	1328	31
2699	410	2460	3
2700	974	1821	0
2701	304	2638	2
2702	4	672	12
2703	150	1398	101
2704	436	433	0
2705	25	1668	75
2706	13	397	52
2707	15	1511	20
2708	436	2029	58
2709	70	1716	51
2710	142	2285	42
2711	80	2012	91
2712	117	1180	69
2713	470	2806	11
2714	87a	1403	8
2715	140	1809	94
2716	44	2133	13
2717	977	2057	0
2718	318	2759	7
2720	127	2600	52
2721	125a	2447	24
2722	70	2725	79
2723	100b	782	9
2724	420	1119	17
2725	29	1849	106
2726	154	2426	82
2727	29	1322	50
2728	87	1378	64
2729	414	2252	30
2730	30	201	166
2731	919	979	0
2732	125a	2336	4
2733	424	178	27
2734	46	749	27
2735	152	1371	5
2736	15	907	53
2737	2	648	30
2738	114	1915	33
2739	87a	2609	7
2740	70	2223	52
2741	46	1832	65
2742	9	328	9
2743	154	2386	17
2744	943	2393	3
2745	78	188	59
2746	15	868	24
2747	10	212	33
2748	135	1461	53
2749	40	417	138
2750	40	735	11
2751	127	117	48
2752	969	2836	62
2753	919	1635	18
2754	492	330	31
2755	349	1595	10
2756	4	758	0
2757	135	577	44
2758	419	349	27
2759	105	2738	39
2760	13	1670	11
2761	87a	723	17
2762	424a	44	5
2763	331b	1531	0
2764	121	1654	119
2765	45	1178	14
2766	480	370	9
2767	62	2421	18
2768	412	2779	5
2769	113	715	47
2770	30	1866	194
2771	4	2298	53
2772	969	1406	38
2773	80	1408	97
2774	486	2116	10
2775	145	1749	6
2776	16	797	121
2777	86	928	78
2778	956	227	29
2779	116	2390	56
2780	310	1201	24
2781	94	1949	7
2782	60	1545	28
2783	25	1548	104
2784	424	2457	11
2785	154	1681	46
2786	61	618	8
2787	65	932	36
2788	86	1734	18
2789	46	2440	73
2790	459	2091	2
2791	488c	1829	0
2792	120	1301	20
2793	414a	1922	9
2794	914	754	48
2795	92	739	48
2796	458a	2221	10
2797	135	1232	13
2798	30	2376	161
2799	105	2636	30
2800	116	1587	14
2801	470	1718	7
2802	46	1580	15
2803	116	1931	9
2804	21	1100	48
2805	410	498	30
2806	81	1835	59
2807	4	2689	13
2808	408	1576	1
2809	108	57	54
2810	42	516	20
2811	917	1899	3
2812	128	1606	89
2813	418	1337	9
2814	62	2427	47
2815	956	1036	37
2816	943	300	0
2817	414a	1890	28
2818	136	1231	13
2819	935a	2255	3
2820	311	2277	2
2821	943	2831	9
2822	422	153	21
2823	929	2827	9
2824	94	2348	38
2825	16	550	11
2826	25	1490	15
2827	114	2097	51
2828	1	1566	159
2829	25	42	117
2830	135	2128	70
2831	151	444	44
2832	963	1093	32
2833	60	181	0
2834	319	2087	6
2835	21	2473	4
2836	128	1885	36
2837	976	324	0
2838	154	2465	59
2839	484	351	14
2840	64	2592	38
2841	321	2761	5
2842	140	2688	3
2843	20	539	21
2844	953	1010	15
2845	464	414	9
2846	418	1627	34
2847	481	2669	5
2848	147	2015	71
2849	956	1657	9
2850	8	2402	25
2851	453	2214	5
2852	125a	40	8
2853	70	1468	64
2854	140	313	78
2855	16	512	96
2856	120	241	77
2857	78	88	4
2858	128	980	29
2859	78	1656	10
2860	968	910	47
2861	41	2691	96
2862	30	891	0
2863	935a	350	0
2864	154	1760	78
2865	919	602	30
2866	90	834	75
2867	921	581	12
2868	13	423	8
2869	136	2347	33
2870	44	2470	0
2871	61	1924	12
2872	142	2001	90
2873	71	2273	30
2874	927	65	15
2875	80	1851	56
2876	121	1853	68
2877	78	1611	106
2878	127	744	81
2879	339	177	14
2880	106	198	9
2881	458	393	12
2882	111	2050	27
2883	1	1728	131
2884	142	2239	74
2885	40	1295	129
2886	349	2	28
2887	110	2027	78
2888	25	1840	75
2889	152	1281	39
2890	78	1990	15
2891	4	96	22
2892	87	651	34
2893	40	879	181
2894	14	551	18
2895	486	992	40
2896	30	941	113
2897	109	1774	46
2898	42	2549	72
2899	100c	2086	0
2900	25	1801	21
2901	451	2795	8
2902	450a	557	10
2903	110	2715	24
2904	333	1314	46
2905	11	2177	45
2906	82	1224	26
2907	130	2147	110
2908	88	1409	6
2909	958	1983	17
2910	110	2340	42
2911	145	1586	28
2912	50	85	32
2913	60	1140	14
2914	11	716	63
2915	419	510	8
2916	30	1366	206
2917	145	2157	55
2918	13	2280	73
2919	419	2409	0
2920	128	2168	45
2921	21	216	35
2922	963	1766	7
2923	919	1040	42
2924	410	1041	10
2925	331b	2398	6
2926	108	2441	82
2927	120	1317	204
2928	332	2580	4
2929	36	2631	48
2930	127	2668	71
2931	25	2503	107
2932	330	2054	0
2933	424	653	10
2934	81	1203	65
2935	488c	2675	4
2936	958	365	29
2937	484	1056	8
2938	317	691	7
2939	16	1053	63
2940	101	1850	20
2941	308a	2753	6
2942	40	209	67
2943	40	2022	37
2944	86	632	30
2945	101	622	51
2946	455	1135	12
2947	82	111	57
2948	150	124	111
2949	434	402	10
2950	120	1310	233
2951	968	2836	54
2952	324	1534	1
2953	956	502	33
2954	81	2143	19
2955	29	973	20
2956	25	985	31
2957	20	2160	130
2958	348	493	31
2959	962	1000	46
2960	934	1533	4
2961	29	1588	23
2962	464	2310	10
2963	339a	731	10
2964	20	1581	101
2965	86	111	67
2966	36	1613	38
2967	92	73	9
2968	145	538	45
2969	484	434	13
2970	30	575	24
2971	41	179	31
2972	486	639	14
2973	113	33	86
2974	120	2617	125
2975	120	1486	61
2976	108	1763	22
2977	49	711	9
2978	2	368	50
2979	17	2197	57
2980	41	1492	2
2981	972	2006	8
2982	44	482	15
2983	924	247	48
2984	128	713	9
2985	488	1968	2
2986	305	1687	12
2987	110	1921	50
2988	424	2047	1
2989	1	1625	14
2990	434	657	0
2991	128	1086	111
2992	127	1115	75
2993	481a	2809	13
2994	482	611	3
2995	125a	2744	32
2996	414	1291	34
2997	87	940	16
2998	116	1287	4
2999	98	2086	0
3000	155	2450	39
3001	916	2056	19
3002	13	1815	65
3003	90	988	59
3004	422	1648	10
3005	305	2750	33
3006	486a	1300	0
3007	37	515	48
3008	914	401	7
3009	481a	956	4
3010	46	381	79
3011	108	1065	42
3012	25	979	0
3013	50	2594	52
3014	145	10	25
3015	75	2567	62
3016	42	2159	17
3017	419	2388	14
3018	71	1429	3
3019	30	1658	109
3020	13	1345	94
3021	105	929	21
3022	906	2494	51
3023	20	1846	27
3024	486	816	38
3025	305	1440	11
3026	98	1980	36
3027	304	1811	0
3028	333	2380	13
3029	89	2134	33
3030	103	1379	36
3031	962	977	24
3032	125	1821	0
3033	140	971	11
3034	20	276	145
3035	120	2445	27
3036	25	114	18
3037	142	2109	24
3038	80	1034	77
3039	436	2790	68
3040	20	1006	45
3041	147	2587	39
3042	488	1527	5
3043	128	1439	8
3044	150	1878	91
3045	25	837	144
3046	486	982	16
3047	94	2734	77
3048	927	1296	30
3049	25	1364	38
3050	455a	2302	11
3051	488c	394	17
3052	30b	1416	12
3053	49	383	0
3054	120	1652	42
3055	42	2470	0
3056	484	826	16
3057	13	1698	67
3058	414a	664	4
3059	78	1972	35
3060	17	415	69
3061	9	1323	39
3062	62	100	20
3063	8	1164	96
3064	100b	839	7
3065	117	1604	10
3066	40	261	14
3067	480	531	8
3068	456	372	5
3069	410	2327	19
3070	30	2322	130
3071	117	233	92
3072	142	1868	88
3073	451	1198	4
3074	918	2662	7
3075	65	2645	17
3076	1	12	178
3077	481	1738	7
3078	37	2102	33
3079	8	890	14
3080	109	1098	60
3081	86	770	14
3082	1	1743	0
3083	62	2396	64
3084	46	2372	33
3085	37	824	52
3086	41	1456	50
3087	65	2484	2
3088	492	1216	5
3089	47	2209	13
3090	928	276	0
3091	498	1256	5
3092	21	2721	64
3093	349	1965	16
3094	414a	2781	40
3095	914	1116	59
3096	41	289	13
3097	8	995	17
3098	80	422	214
3099	155	547	46
3100	62	2542	59
3101	491	1794	8
3102	110	2261	18
3103	37	237	6
3104	29	764	63
3105	94	1397	16
3106	945	1943	6
3107	333	1202	5
3108	348	1795	5
3109	113	9	66
3110	2	2132	23
3111	331a	949	5
3112	128	2373	28
3113	15	1599	5
3114	100b	1222	66
3115	60	353	88
3116	488c	1786	7
3117	29	1525	60
3118	401	2774	9
3119	70	2712	46
3120	35	1507	92
3121	16	2265	87
3122	101	1240	64
3123	127	1156	104
3124	9	2312	4
3125	140	2516	24
3126	954	838	3
3127	414a	2164	30
3128	433	1304	8
3129	333	307	10
3130	88	2134	34
3131	918	673	4
3132	98	47	28
3133	140	2558	81
3134	418	921	22
3135	98	1146	24
3136	106	1240	65
3137	20	962	42
3138	976	2837	27
3139	963	2005	0
3140	120	2495	191
3141	142	678	89
3142	105	1719	3
3143	80	2034	225
3144	147	99	79
3145	480	23	1
3146	482	272	13
3147	969	146	43
3148	456	366	3
3149	125	1903	77
3150	4	2383	45
3151	480	2807	16
3152	492	1732	0
3153	40	185	84
3154	21	1445	31
3155	30b	154	5
3157	914	2431	35
3158	70	2048	15
3159	419	2493	28
3160	106	1206	55
3161	64	823	4
3162	348	2172	8
3163	26	2323	9
3164	112	1874	21
3165	10	1157	27
3166	963	1150	27
3167	71	1369	36
3168	492	2577	8
3169	13	2191	17
3170	488	2352	10
3171	20	1624	16
3172	4	1813	21
3173	46	1027	42
3174	434	2501	35
3175	30	1842	122
3176	434	536	29
3177	482a	1324	11
3179	64	2163	50
3180	98	2395	19
3181	44	2696	21
3182	130	671	144
3183	967	2480	16
3184	75	2482	45
3185	1	161	67
3186	962	883	33
3187	921a	202	1
3188	111	1299	24
3189	421	499	5
3190	488c	1003	2
3191	458	1666	7
3192	78	148	0
3193	47	383	0
3194	16	2180	35
3195	486	1066	12
3196	35	1377	89
3197	450b	1940	0
3198	437a	896	3
3199	8	1042	72
3200	41	948	22
3201	10	1200	29
3202	422	2679	35
3203	36	2042	53
3204	456	2378	23
3205	29	1828	10
3206	348	918	34
3207	81	1867	42
3208	420	1950	6
3209	85	2731	13
3210	2	1812	10
3211	961a	2084	13
3212	349	519	13
3213	456	103	9
3214	922	2075	7
3215	151	534	13
3216	484	2812	27
3217	71	1970	49
3218	130	230	102
3219	154	1428	13
3220	94	712	43
3221	40	383	164
3222	436	1438	49
3223	348	2772	54
3224	94	2134	0
3225	36	1941	9
3226	30	572	8
3227	60	156	119
3228	30	694	139
3229	492	1218	34
3230	106	192	58
3231	9	681	46
3232	962	2551	14
3233	916	514	0
3234	75	1802	46
3235	14	1254	15
3236	130	805	91
3237	146	934	12
3238	121	2560	107
3239	424a	2010	2
3240	142	435	50
3241	90	761	88
3242	127	7	85
3243	470	485	10
3244	92	585	44
3245	60	2690	121
3246	410	238	14
3247	1	901	167
3248	456	1671	26
3249	5	172	40
3250	117	387	22
3251	78	1194	70
3252	11	2232	23
3253	455a	607	6
3254	121	671	95
3255	87	1674	19
3256	1	1974	37
3257	349	2172	8
3258	966	1726	27
3259	113	1013	99
3260	491	1352	10
3261	406	2776	13
3262	325	1856	3
3263	140	865	18
3264	62	1347	91
3265	20	2203	161
3266	5	2656	5
3267	102	1241	42
3268	87a	2627	11
3269	962	1491	3
3270	125a	2458	0
3271	420	1699	1
3272	13	341	37
3273	40	2331	199
3274	94	150	60
3275	488c	2524	11
3276	150	1759	16
3277	21	2528	54
3278	21	1565	45
3279	150	327	60
3280	319	541	4
3281	62	2519	7
3282	86	1667	62
3283	29	1073	95
3284	46	2250	49
3285	17	866	45
3286	967	951	19
3287	140	547	58
3288	100b	784	23
3289	459	1008	7
3290	422	506	55
3291	339a	1081	0
3292	455a	2614	8
3293	953	989	26
3294	40	115	20
3295	918	2571	9
3296	410	254	13
3297	103	1259	13
3298	95	2735	15
3299	418	1212	29
3300	16	1346	37
3301	488	2150	13
3302	100	1894	0
3303	100	562	1
3304	100	59	5
3305	100	752	7
3306	100	252	8
3307	100	994	11
3308	100	3000	14
3309	100	3001	16
3310	100	3002	18
3311	100	3003	22
3312	100	3004	23
3313	100	3005	29
3314	100	3006	33
3315	100	3007	38
3316	100	3008	44
3317	100	3009	48
3318	100	3010	55
3319	100	3011	60
3320	100	3012	62
3321	100	3013	66
3322	100	1339	73
3323	100	3015	81
3324	100	3016	89
3325	100	3017	95
3326	100	928	100
3327	100	2330	110
3328	100	3020	116
3329	100	3021	119
3330	100	3022	124
3331	100	3023	128
3332	100	1402	131
3333	100	3025	138
3334	100	2032	146
3335	100	3027	154
3336	100	511	162
3337	100	3029	169
3338	100	1543	177
3339	100	3031	182
3340	100	656	188
3341	100	3033	194
3342	100	3034	201
3343	100	3035	207
3344	100	3036	209
3345	100	3037	215
3346	100	2677	221
3347	100	2278	224
3348	100	1457	229
3349	100	3041	231
3350	100	3042	235
3351	100	3043	240
3352	100	3044	243
3353	100	3045	248
3354	100	3046	255
3355	100	3047	263
3356	100	2183	270