Országkód	Város	Január		Február		Március		Április		Május		Június		Július		Augusztus		Szeptember		Október		November		December
		Járatok	Utasok	Járatok	Utasok	Járatok	Utasok	Járatok	Utasok	Járatok	Utasok	Járatok	Utasok	Járatok	Utasok	Járatok	Utasok	Járatok	Utasok	Járatok	Utasok	Járatok	Utasok	Járatok	Utasok
AFG	Kabul																					2	214
ALB	Tirana							16	2467	18	2680	16	2395	18	2882	20	3236	26	4023	26	3943	26	4295	26	4401
ALG	Algiers	18	653	14	347	18	887	18	914	16	758	12	275	18	938	18	1280	16	963	18	740	18	609	18	705
ARE	Dubai	87	22622	80	22650	89	22317	86	24185	88	20703	78	19144	80	23700	80	23975	77	20151	80	22258	86	20419	87	19434
AUT	Innsbruck											2	139					1	19
AUT	Vienna	137	5799	112	5193	162	8596	164	9089	185	10504	167	9695	177	9541	182	9569	164	9356	176	10109	156	9375	133	6541
AZE	Baku	10	1432	8	1069	12	1583	17	2165	17	2391	17	2553	18	2916	18	2944	16	2446	18	2772	8	1212	10	1526
BEL	Brussels	291	36213	284	38840	330	45685	326	50185	346	51272	331	50463	288	45564	274	43914	323	50814	344	52849	320	47209	289	40780
BEL	Melsbroek																							1	10
BGR	Bourgas											26	3509	61	10425	64	11447	25	3855
BGR	Sofia	20	2572	18	2438	18	2761	26	4594	30	5238	28	5034	27	5216	26	5050	26	4894	25	4786	16	3057	20	3604
BIH	Sarajevo							14	1610	18	2102	18	2125	18	2470	16	2296	18	2217	18	2060	16	1598	15	1419
BIH	Tuzla	1	110					1	139
BLR	Brest			2	46			2	58									1	24	1	24
BLR	Minsk	28	1337	24	1016	26	1233	26	1471	26	1318	26	1647	28	1327	26	1228	24	1131	28	1235	26	1307	28	1194
CAN	Toronto									10	2335	40	9360	52	12992	54	14387	44	11279	12	2873
CHE	Basel	42	6353	40	6491	48	7744	50	8393	54	9103	52	8868	50	8479	54	9152	50	8391	54	8622	44	6822	48	7350
CHE	Bern					1	94
CHE	Geneva	48	7057	54	8360	62	9914	60	9994	62	10330	59	9936	62	10527	62	10320	60	9873	62	10222	52	8513	60	9375
CHE	Zurich	166	14835	153	14022	170	16097	180	17676	186	20052	176	20048	186	21527	185	21118	180	20537	182	21432	164	19185	166	18076
CHN	Beijing	20	4183	18	3427	28	5205	26	5099	36	6687	34	6484	36	6617	34	6181	34	5944	34	5901	26	4157	26	4218
CYP	Larnaca	20	3144	16	2471	20	2624	24	3715	26	4027	34	5476	44	7361	46	7951	35	6045	27	4544	26	3915	26	4192
CYP	Nicosia													1	157	2	315	1	155
CZE	Brno											1	164
CZE	Prague	126	4772	121	4459	165	6082	161	6753	170	8197	164	8874	166	8906	170	9191	162	8995	172	9879	206	16560	204	16648
DEU	Berlin	259	27710	242	27728	278	33407	279	40220	307	42586	292	43041	306	45280	309	46157	290	39646	232	30702	114	18553	154	24052
DEU	Cologne	36	3647	28	2931	41	4413	60	7760	61	7157	61	7463	61	7538	61	7533	56	6494	56	6947	34	4069	44	5662
DEU	Dortmund	45	6988	40	6284	46	7265	42	6715	44	7157	44	7306	44	7443	44	7491	42	7154	44	7358	34	5546	36	5971
DEU	Dusseldorf	97	8574	86	7954	100	10043	97	12978	103	12023	99	12276	103	12723	107	14036	102	12862	102	13153	104	10359	94	9278
DEU	Frankfurt	241	26214	222	26398	261	32631	295	37682	304	41846	295	41579	308	41928	310	41929	299	42944	300	43040	250	35220	290	37803
DEU	Friedrichshafen									1	166
DEU	Hahn	20	3195	16	3080	18	3329	26	5176	26	4979	26	5206	26	5637	28	5991	26	5351	26	5288	16	3039	8	1482
DEU	Hamburg	46	4287	39	3765	54	5694	60	7479	62	7719	60	7321	62	7830	62	8165	58	7543	60	7706	52	5351	52	6055
DEU	Hanover					1	43	22	3360	30	4357	34	5161	36	5943	34	5483	34	5627	34	5458	18	2702	14	2056
DEU	Karlsruhe	18	2700	16	2378	16	2358	18	2694	18	2725	16	2499	18	2938	18	3002	18	2924	18	2848	16	2494	10	1503
DEU	Memmingen					1	166
DEU	Munich	261	22551	252	22836	286	29003	249	28501	273	31058	264	30559	270	30620	275	30565	258	29287	270	32830	276	30803	245	24662
DEU	Nuernberg	62	7915	56	8256	62	9827	60	10553	62	10565	60	10410	62	10891	62	11023	60	10347	62	10599	60	9921	56	9361
DEU	Stuttgart	87	9450	78	8629	94	10777	100	11997	110	12944	106	12301	99	11565	106	11678	102	11572	102	11944	102	10873	86	10117
DNK	Aalborg																					2	53
DNK	Billund	18	3084	16	2767	18	3132	26	4588	26	4448	27	4685	27	4765	28	5017	26	4679	26	4607	16	2817	18	3201
DNK	Copenhagen	108	16185	96	15110	110	18392	128	22531	132	23002	126	21699	132	23268	134	23435	127	22255	132	23287	84	14527	83	13622
DNK	Faroe Island																			2	288
DNK	Karup													2	161
DNK	Odense																	2	342
EGY	Cairo	36	1857	32	1454	34	1495	36	1868	34	1652	22	1301	36	2497	34	2074	35	1891	36	2005	28	1594	34	1686
EGY	Hurghada	10	1438	8	973	8	1179	24	3180	22	2494	35	4420	54	7782	53	7595	46	6317	44	6027	31	3726	18	2172
EGY	Sharm el Sheikh							1	167	4	660	10	1480	11	1869	15	2508	12	1677	12	1816	1	105
ESP	Alicante	12	1633	8	1300	10	1612	18	3535	18	3486	16	3298	18	3941	18	4007	18	3858	18	3511	8	1574	10	1892
ESP	Asturias							2	349
ESP	Barcelona	86	16049	74	13985	90	17172	120	22370	132	24248	133	25211	134	26491	140	27357	128	24950	132	24199	114	20914	108	19551
ESP	Bilbao	1	72	1	72			1	174					9	953	8	1097	2	226
ESP	Fuerteventura	10	1563	8	1270	8	1213	9	1166	8	1204	10	1488	8	1259	10	1573	8	1254	10	1576	8	1245	10	1559
ESP	Ibiza											4	716	10	2084	8	1600	6	1204
ESP	Lanzarote	8	1202	8	1193	10	1444	8	1147	10	1453	8	1209	8	1318	10	1658	8	1291	8	1293	10	1505	8	1210
ESP	Las Palmas	10	1532	8	1463	8	1396	10	1730	8	1453	8	1477	10	1809	8	1380	8	1481	10	1821	10	1763	8	1455
ESP	Leon																	1	177
ESP	Madrid	82	15456	68	12728	82	15439	107	18985	116	20308	113	20091	137	23537	165	28495	119	21540	115	21010	78	15000	106	18145
ESP	Malaga	37	6702	32	6031	33	6090	40	6619	37	6164	42	7128	44	7757	45	8055	44	7795	45	7936	37	6902	40	7511
ESP	Palma De Mallorca											21	3218	44	7571	45	7792	31	4848			2	236
ESP	Salamanca																			1	160
ESP	Santiago De Comp.																							2	376
ESP	Sevilla					2	188
ESP	Tenerife	18	2909	16	2567	17	2593	17	2645	18	2815	18	2814	18	2896	16	2590	18	2882	18	2992	16	2582	16	2522
ESP	Valencia			2	249									6	599	8	1076	2	364	2	350	16	2817	22	3977
ESP	Valladolid							2	309									1	170	3	512			2	378
ESP	Vitoria							1	139
ESP	Zaragoza													2	370									2	376
EST	Tallin													2	88			3	46
EST	Tartu																	1	8
FIN	Helsinki	116	11965	106	11028	126	15305	146	20837	150	21986	154	24201	168	27484	158	23576	144	21081	150	20828	120	15307	116	14309
FIN	Tampere					4	640	18	3270	18	3250	16	2933	18	3299	18	3226	16	2816	16	2838
FRA	Bordeaux													1	45	2	104	6	833	18	2661	16	2317	16	2189
FRA	Brive									2	332
FRA	Clermont Ferrand											1	163
FRA	Lyon	26	3486	24	3445	26	3667	26	3744	26	3831	25	3589	18	2637	18	2688	26	3742	26	3757	26	3562	28	3959
FRA	Marseille											4	401
FRA	Montpellier							1	30
FRA	Nantes											2	167					2	248
FRA	Nice	18	2646	16	2501	18	2636	26	4036	26	3958	26	4108	26	4809	28	5974	26	4824	26	4105	16	2450	18	2703
FRA	Paris	241	33086	272	38329	316	43195	358	55231	387	58786	361	56126	337	54010	339	52375	363	55858	372	57806	280	44854	292	46734
FRA	Strasbourg									4	443
FRA	Tarbes Lourdes									2	176
FRA	Toulouse									1	100
GBR	Birmingham	20	4027	16	3254	20	3684	26	4062	26	4036	26	4291	26	4711	27	5907	26	4802	26	4275	17	2770	22	3560
GBR	Bristol	30	5164	24	4315	26	4576	26	4736	26	4669	26	4644	26	4734	28	5118	26	4734	26	4695	26	4733	30	5456
GBR	East Midlands	2	279	12	1910	24	3810	40	6237	46	6902	44	7131	44	7138	42	6992	44	6997	42	6481	34	5460	38	6338
GBR	Edinburgh	18	2452	16	2406	18	2546	26	3616	28	3930	36	5095	36	5163	34	4916	34	4840	34	4888	34	5448	34	5426
GBR	Glasgow	20	3132	16	2570	16	2594	24	4082	26	4051	26	4354	26	4465	28	4834	26	4246	26	4193	16	2572	16	2422
GBR	Humberside																	2	88
GBR	Leeds	4	442	12	1698	18	3101	16	2220	18	2501	18	2533	18	2576	16	2316	18	2550	18	2531	16	2386	18	2751
GBR	Liverpool	18	2778	16	2532	18	2652	26	4032	26	3940	26	4192	26	4694	28	6100	26	4678	26	4150	16	2543	16	2634
GBR	London	669	108579	621	106102	707	121258	726	124318	844	138065	829	139200	857	144738	798	136421	831	137489	819	135704	716	120832	683	112918
GBR	Manchester	63	10947	56	10043	70	12296	70	12682	68	12153	70	12559	72	13191	70	12880	76	13812	79	14250	78	14031	78	13866
GEO	Kutaisi	18	2633	16	2357	17	2465	17	2642	19	2967	17	2720	17	2832	18	3016	18	2990	18	2801	16	2322	16	2438
GEO	Tbilisi							1	118							1	25							2	231
GRC	Argostólion											5	913	8	1120	8	1503	9	1628
GRC	Athens	72	10363	52	7759	63	9582	62	9552	68	10426	70	11071	72	12001	68	11860	70	11422	72	12225	58	9672	80	12997
GRC	Chania											4	573	10	1672	8	1490	8	1434	1	186
GRC	Corfu									8	1186	33	5036	51	8828	56	9666	40	6339	9	1399	2	234
GRC	Heraklion			1	182	2	375					29	4548	64	11120	60	10439	49	8053	4	743
GRC	Karpathos											5	890	7	1281	10	1802	8	1386
GRC	Kos											1	155
GRC	Rhodos											28	4573	49	8248	48	8345	33	5487	2	187
GRC	Thessaloniki	21	3205	16	3084	18	3185	19	2683	18	2606	16	2515	18	2979	18	3132	16	2606	19	2883	18	2755	26	3140
GRC	Zakinthos											20	3478	40	7032	48	8378	32	5374
HRV	Dubrovnik			2	203
HRV	Pula															1	25
HRV	Split											1	31	1	45
HRV	Zadar			1	21			1	65									2	52
HRV	Zagreb			1	30
IRL	Dublin	122	19089	104	16791	124	21178	110	19169	116	19886	111	19659	117	21174	111	19850	113	19328	116	20158	110	19458	116	19678
ISL	Reykjavik	18	2890	14	2669	20	3443	24	3831	19	3020	18	2907	18	2962	16	2668	18	2958	23	3845	16	2452	16	2399
ISR	Ovda	16	2438	16	2509	16	2725															18	2989	18	2882
ISR	Tel Aviv	134	21431	122	21210	157	27300	166	29661	177	29178	182	31471	184	33682	204	37244	176	31690	185	32409	187	33144	193	33788
ITA	Alghero											8	1193	18	3029	18	3011	10	1645
ITA	Bari	28	5109	24	4480	34	6233	34	6284	36	6467	34	6391	36	7446	34	7331	34	7070	36	6976	34	6623	34	6294
ITA	Bologna	18	2604	15	2213	18	2713	19	2807	16	2289	16	2484	21	3492	19	3893	16	3018	18	2795	18	2811	18	2716
ITA	Brescia			1	30
ITA	Catania	20	3696	16	3028	22	3857	40	6748	21	3983	26	5177	26	5577	27	5978	27	5749	26	5314	16	3141	24	4869
ITA	Genoa									1	45
ITA	Lamezia Terme							12	1682	19	2451	16	2326	18	2942	18	3036	16	2482	18	2554	18	2489	18	2403
ITA	Milan	162	27200	144	26177	159	30407	156	29845	162	30599	153	29296	161	31588	149	28905	154	29607	162	31326	170	32206	176	31856
ITA	Naples	20	3907	16	3152	18	3454	26	4933	26	4724	26	4992	28	5657	28	5996	26	5500	28	5527	52	9065	50	8725
ITA	Palermo					3	566	3	481	2	320									4	668	18	3175	18	3124
ITA	Pisa	18	3023	16	2799	20	3611	24	4228	28	4917	26	4579	26	4614	26	4661	26	4543	26	4544	26	4253	24	4067
ITA	Rome	196	30729	180	29135	198	34179	180	31008	184	31054	180	31164	186	33495	186	33855	179	32030	191	33221	197	33690	190	31196
ITA	Treviso	24	3831	24	3983	28	4791	26	4583	24	4106	26	4523	25	4414	26	4639	26	4546	12	2097	26	4477	20	3269
ITA	Trieste					1	102																	1	189
ITA	Venezia	26	2430	22	2732	26	3528	26	3757	26	3357	26	3565	26	4026	28	4203	26	3554	38	5568
ITA	Verona																			1	145	1	141
JOR	Aqaba																	3	275	5	901
JPN	Tokyo Narita															2	467
KAZ	Astana											14	1879	18	2764	17	2615	17	2493	18	2476	18	2029	20	2722
KAZ	Atyrau	1	109	2	206	2	186	1	112	2	173	2	218	5	633	8	1052	2	240	2	136			2	210
LUX	Luxembourg																					2	88
LVA	Riga	22	1032	17	923	28	1922	34	2456	36	2553	36	2404	38	2642	35	2516	34	2327	34	2305	26	1559	26	1439
LVA	Vilnius					1	166
MAR	Agadir																			1	179	17	2303	18	2538
MAR	Casablanca									1	149
MAR	Errachidia																			2	126
MAR	Marrakech									1	150									2	367	16	2693	16	2671
MKD	Skopje							18	2441	21	2422	16	1988	18	2459	18	2595	16	2063	19	2345	26	2445	26	2871
MLT	Malta	22	4364	16	3251	26	4819	42	6954	44	7127	54	8841	64	10668	60	10426	54	9507	44	7606	30	4925	28	4553
MNE	Podgorica			2	52			17	2307	20	2585	16	2421	18	2967	18	3072	18	2591	18	2676	26	3252	26	3322
NLD	Amsterdam	179	25129	182	26109	224	34884	266	41884	274	43029	268	42429	270	42741	274	42599	264	41156	267	41545	204	32453	194	29999
NLD	Eindhoven	95	18242	88	17673	100	19896	106	22184	106	21866	112	23665	124	26853	123	26607	112	24138	98	20982	104	21654	98	19154
NLD	Maastricht	1	210
NLD	Rotterdam	60	6631	50	5790	54	6973	50	7021	54	7572	52	7381	36	5239	40	5423	48	6844	52	7414	24	3145	22	2950
NOR	Bergen							12	1798	18	2575	17	2610	19	3152	16	2454	18	2899	18	2809	18	2597	16	2221
NOR	Oslo	62	10253	61	10117	82	13747	87	15287	89	14981	86	15085	88	16031	90	15789	86	14821	88	14853	76	12836	74	12429
NOR	Trondheim																					2	172
POL	Bromberg	1	170
POL	Katowice									1	137													2	136
POL	Krakow																			2	54	1	179
POL	Warsaw	253	15806	242	15523	270	19006	266	20510	278	21585	273	21008	280	21287	282	20810	271	21591	274	22351	259	20266	260	18495
POL	Wroclaw																							2	195
PRT	Faro			4	638			10	1808	10	1773	12	1986	18	2993	18	3010	13	2285	9	1802
PRT	Lisbon	28	4548	24	3814	40	6085	34	5662	36	5942	33	5566	98	14146	95	16331	92	15442	98	14129	76	10263	78	10061
PRT	Porto	16	2454	16	2416	16	2359	18	2879	18	2796	16	2660	18	3453	18	3534	16	2970	19	3186	16	2524	18	2777
QAT	Doha	90	11584	80	10063	88	9710	86	9927	106	9550	102	9139	124	11515	122	12477	120	10893	124	11744	120	11594	124	11611
ROU	Bucharest	134	6988	128	7004	146	8980	148	9268	171	10427	166	10091	166	9955	130	9120	166	10795	174	10971	164	9651	138	8707
ROU	Cluj	20	2380	16	2283	18	2581	16	2371	19	2866	18	2713	18	2899	17	2724	18	2765	18	2739	16	2352	18	2594
RUS	Moscow	182	21432	152	18690	175	22582	181	26835	185	26202	181	26361	186	27608	186	28111	180	26336	190	26229	232	26577	237	26605
RUS	St.Petersburg	8	1002													4	662	17	2755	18	2882	26	3957	26	3925
SRB	Belgrade	19	690	16	381	18	645	16	584	18	726	18	1019	18	658	20	804	16	518	18	708	18	560	16	527
SVK	Bratislava	1	1
SVK	Kosice					2	63
SVK	Sliac					4	188
SVN	Ljubljana							1	113
SWE	Gothenburg	26	3631	24	4000	30	5279	34	6465	36	6350	33	6551	36	7756	35	6729	34	6624	34	6570	26	4136	30	4502
SWE	Malmo	38	5589	32	5070	36	5836	34	6826	36	6959	34	7032	36	7873	34	6898	34	7043	36	7423	34	6882	34	6442
SWE	Stockholm	71	10908	58	9685	80	13843	110	19805	116	20603	111	21090	114	22731	117	21724	110	20561	112	20501	68	12330	78	12945
TUN	Djerba											6	540	8	1119	10	1326	8	900	1	95
TUN	Monastir									5	580	17	2342	25	3784	26	3919	28	4142	13	1573	1	123
TUR	Antalya							2	353	6	1100	58	10128	89	16059	80	14902	68	11878	27	4633	10	1695	1	142
TUR	Dalaman											3	300	9	1396	5	826	5	698	3	346
TUR	Istanbul	154	18471	152	17554	180	21505	224	28152	228	28737	218	27391	234	32755	228	32554	224	29757	223	29354	215	27492	226	27584
TUR	Trabzon													1	45
UKR	Kiev	34	5442	32	4939	38	5770	58	9045	62	9266	92	13483	124	18541	124	20186	120	18675	122	18919	92	13570	108	15504
XKX	Pristina							14	1880	18	1725	18	1719	18	2654	16	2511	18	2237	18	1910	16	1525	16	1877
