id	tagid	tipus	ev
1	584	t	2007
2	2764	r	1903
3	1316	r	2007
4	2371	r	2001
5	2546	l	2013
6	417	r	2016
7	278	r	1982
8	2481	l	1833
9	1454	l	2001
10	2173	r	1970
11	1184	t	2019
12	3166	r	1918
13	570	l	1948
14	1633	l	1967
15	239	k	1998
16	2734	l	1880
17	672	t	1858
18	2170	t	1901
19	567	r	1830
20	292	l	2007
21	1204	l	1841
22	2986	r	1956
23	2545	t	1993
24	83	l	1990
25	2308	l	1858
26	232	t	1938
27	670	r	2001
28	912	l	1892
29	1585	t	1915
30	593	r	1946
31	1574	r	1892
32	576	l	2001
33	1208	t	2004
34	5	t	1948
35	1964	l	1831
36	579	l	1872
37	1466	l	1887
38	418	k	2004
39	2602	r	2010
40	1677	t	1910
41	2251	t	2010
42	3011	r	1976
43	2401	l	1979
44	1020	r	1958
45	95	l	1858
46	403	r	1945
47	121	l	1993
48	1643	l	2019
49	482	t	1986
50	570	r	1967
51	1581	k	2007
52	2049	r	1987
53	1712	l	2010
54	2471	l	1936
55	2098	l	1970
56	1326	l	1985
57	1640	r	1998
58	1699	t	1990
59	1025	k	2010
60	1045	t	1946
61	2490	r	1946
62	1614	l	1933
63	1754	r	2013
64	488	l	1920
65	2081	l	1832
66	633	t	1993
67	3023	r	1958
68	93	r	2004
69	2257	l	1898
70	907	t	1977
71	230	l	2001
72	139	r	1861
73	297	r	2004
74	1063	r	1903
75	2243	l	2007
76	1768	l	1894
77	2726	l	1993
78	1473	t	1895
79	3172	l	1949
80	2022	r	1928
81	340	l	1858
82	2024	l	1995
83	761	t	2004
84	1325	t	1934
85	1476	l	1902
86	2790	r	1990
87	1785	t	1930
88	139	l	1858
89	2744	r	1943
90	2168	r	1876
91	2304	t	1917
92	2361	l	1919
93	3098	r	1949
94	1007	k	1998
95	2763	r	1985
96	1639	r	1954
97	2765	r	1973
98	711	l	1931
99	1284	t	1932
100	2552	l	1902
101	2687	k	1995
102	736	k	1990
103	2312	l	1892
104	2093	t	2010
105	2394	r	1941
106	670	l	1993
107	2779	t	1964
108	2006	t	1924
109	640	t	1990
110	1290	l	1863
111	1889	r	2004
112	3147	l	1949
113	202	l	1893
114	895	l	1946
115	937	l	1976
116	2277	l	1945
117	207	l	2013
118	2693	t	1873
119	541	t	1888
120	644	k	1990
121	2137	l	1839
122	3137	t	1876
123	2667	t	1981
124	2384	t	1930
125	2356	t	1911
126	3056	t	1917
127	328	t	1938
128	162	k	1993
129	2750	l	1889
130	2279	t	1899
131	3172	r	1950
132	1963	t	1858
133	1896	l	1899
134	1707	l	1841
135	86	l	1892
136	1455	r	1970
137	1256	l	2019
138	979	r	1830
139	1037	l	1933
140	366	r	2010
141	2636	t	1876
142	1810	t	1900
143	1303	l	1993
144	588	l	1832
145	2482	l	1946
146	66	t	1873
147	1356	l	1976
148	221	l	1864
149	3221	t	1931
150	1532	l	2013
151	2260	k	1990
152	3161	r	1832
153	2630	l	1962
154	1900	r	1954
155	1089	l	1858
156	2258	r	2010
157	1693	l	2013
158	210	l	1902
159	1907	r	1845
160	2213	l	1845
161	2561	r	1962
162	1361	l	1922
163	794	t	1908
164	3038	r	1838
165	535	r	1995
166	1053	l	1976
167	992	t	2010
168	2986	l	1948
169	3041	t	2013
170	899	l	1870
171	2048	r	1998
172	1955	l	1995
173	1062	l	1892
174	1406	r	2013
175	2709	l	1877
176	1704	t	2004
177	1846	r	1985
178	1102	k	2007
179	3180	r	1830
180	974	l	1893
181	194	r	2001
182	3187	l	1973
183	3019	k	1990
184	1254	r	1956
185	1953	r	1910
186	2858	l	1916
187	3198	l	1832
188	2099	l	1948
189	999	l	1993
190	1385	r	1917
191	1910	t	1970
192	2701	l	1912
193	1477	r	1920
194	1900	l	1946
195	275	r	2004
196	1978	r	1995
197	1503	t	1995
198	737	l	1892
199	690	l	1895
200	2064	r	1979
201	1805	r	2016
202	1146	r	1881
203	940	l	1865
204	1622	l	2013
205	1827	l	1940
206	2882	l	1894
207	762	k	2016
208	3072	r	1973
209	2343	l	1948
210	2521	l	1941
211	2101	t	1831
212	1458	l	1864
213	339	l	1921
214	1647	l	1921
215	2073	l	2007
216	1036	l	2019
217	787	r	2004
218	1286	l	1876
219	1189	r	1987
220	1452	l	1924
221	1154	l	1937
222	8	l	1876
223	2495	t	1958
224	2050	r	1985
225	1848	l	1847
226	1873	r	1947
227	1404	r	1931
228	1841	l	1872
229	78	t	1998
230	1224	t	1964
231	1995	r	1991
232	742	l	1921
233	1161	t	1983
234	1221	l	1973
235	376	r	1990
236	1578	k	1895
237	2665	l	1920
238	1707	r	1858
239	1148	l	1985
240	197	l	1925
241	925	t	1863
242	1899	t	1858
243	1951	t	1986
244	3133	t	1988
245	1297	l	1902
246	533	k	1881
247	2541	l	1982
248	1684	l	1970
249	1059	t	1863
250	172	l	1998
251	830	r	1865
252	1166	l	1918
253	2501	r	1885
254	41	l	1927
255	2721	l	1871
256	2223	k	2019
257	969	r	1931
258	1973	t	1891
259	1236	r	1946
260	703	l	1896
261	42	r	2001
262	3142	l	1836
263	2389	r	2019
264	951	l	1881
265	790	t	2013
266	2651	t	1995
267	2706	l	1927
268	1341	r	2016
269	1247	l	1894
270	3068	l	1945
271	1835	l	1934
272	740	l	1993
273	1383	l	1841
274	1234	k	1938
275	1067	l	1858
276	919	r	2004
277	203	k	2001
278	1738	l	1871
279	2566	l	1858
280	2461	k	2004
281	2915	l	1946
282	2359	l	1976
283	1364	k	1995
284	631	l	1840
285	1661	t	1988
286	1856	l	1951
287	24	t	1961
288	972	r	1899
289	527	t	1881
290	265	r	1985
291	316	r	1956
292	3109	k	2013
293	99	l	1922
294	1908	r	1946
295	2799	t	1960
296	3083	l	1890
297	1638	l	1987
298	2820	t	2016
299	1565	r	1830
300	2090	r	1979
301	183	l	1928
302	23	l	1910
303	1315	r	2007
304	2303	r	1940
305	765	t	2010
306	1637	t	1831
307	621	l	1987
308	2484	l	2016
309	1279	t	1981
310	1080	t	1934
311	3116	r	1945
312	2557	l	1863
313	2400	l	1965
314	1194	l	1858
315	188	r	1883
316	772	t	2001
317	2148	t	1979
318	1205	t	2007
319	2989	r	1995
320	132	l	1832
321	563	t	1914
322	2553	l	1990
323	976	l	1858
324	1579	r	2010
325	1691	l	1858
326	3045	t	1843
327	517	l	1982
328	3159	l	1970
329	2776	l	1832
330	102	l	1935
331	2605	t	1892
332	1859	l	2001
333	112	t	1995
334	2476	k	2016
335	678	l	1926
336	265	l	1973
337	2041	l	2001
338	1249	r	1998
339	1528	t	1889
340	2264	r	1982
341	630	l	2010
342	1101	k	2019
343	2860	l	1945
344	545	l	1835
345	2664	k	2007
346	549	l	1858
347	2728	k	1990
348	1244	l	1880
349	676	t	1914
350	3206	l	1982
351	1849	t	2001
352	2318	r	2004
353	750	r	1832
354	383	t	1911
355	1526	l	1993
356	1496	t	1986
357	771	t	2004
358	3166	t	1931
359	627	l	1891
360	1786	l	1945
361	1017	t	1858
362	185	r	1954
363	2965	l	2013
364	830	t	1887
365	2304	r	1873
366	2765	l	1967
367	464	t	1955
368	3097	t	1884
369	113	r	2001
370	2930	t	1931
371	2549	l	1934
372	597	r	2004
373	220	l	1947
374	3099	t	1914
375	885	l	2016
376	1081	r	2010
377	500	r	2016
378	1124	t	1865
379	1822	t	2007
380	2715	r	2010
381	857	r	2004
382	1486	r	2016
383	1627	l	1990
384	569	l	2011
385	1080	l	1895
386	2983	r	1841
387	2488	t	1931
388	2224	t	2004
389	445	r	2016
390	1229	l	1934
391	1193	t	1847
392	994	l	1891
393	1145	l	1945
394	2641	k	1990
395	2699	r	1955
396	1131	r	1890
397	741	l	1844
398	605	l	1941
399	1935	r	1858
400	1724	l	1887
401	2634	t	1878
402	208	t	2007
403	529	l	1832
404	1337	l	1880
405	1105	k	2001
406	3100	r	1995
407	805	t	1910
408	705	t	1914
409	445	l	2010
410	1327	r	1998
411	2977	r	1982
412	136	t	1914
413	3035	l	1880
414	1151	r	1936
415	345	r	1979
416	1798	t	2001
417	164	t	2001
418	1918	t	1938
419	2524	t	1938
420	1832	t	1863
421	1431	r	1985
422	1410	l	1867
423	2245	r	1934
424	2696	k	2010
425	3153	k	2010
426	1615	l	1949
427	2994	r	2019
428	1031	k	1872
429	1438	l	1913
430	1483	r	2001
431	12	t	1891
432	316	l	1949
433	917	r	2004
434	498	t	1939
435	1293	l	1831
436	1674	t	1872
437	3165	l	1998
438	2019	t	1831
439	42	l	1995
440	1298	l	1870
441	845	l	1950
442	2415	l	2004
443	2378	l	1858
444	2383	r	2013
445	1853	l	1832
446	2354	t	1858
447	827	l	1931
448	2676	l	1864
449	227	l	2004
450	1436	l	1976
451	188	l	1878
452	1720	t	1846
453	1795	t	2007
454	243	t	1877
455	2041	r	2007
456	900	l	1956
457	1764	r	2001
458	548	r	2001
459	1113	k	1998
460	2406	l	1967
461	1168	r	1976
462	1233	l	1953
463	2581	t	1916
464	986	t	2013
465	2569	t	2010
466	3003	r	1921
467	2837	l	1864
468	3076	l	1832
469	1227	r	1985
470	721	t	2013
471	2195	l	1895
472	748	t	1979
473	3064	l	1995
474	2579	r	1990
475	2211	l	1973
476	2357	t	1967
477	1520	l	1864
478	307	r	1987
479	1874	l	2019
480	2879	l	1948
481	1546	t	1896
482	821	t	1931
483	2490	l	1946
484	1934	k	1928
485	333	r	2013
486	357	t	2010
487	3048	r	2013
488	1904	t	1863
489	866	l	2001
490	830	l	1837
491	2570	l	1985
492	641	r	1841
493	1984	t	1960
494	1216	t	1900
495	440	k	2010
496	1524	k	2016
497	1073	r	1898
498	2627	l	1861
499	305	l	1995
500	1750	r	1868
501	1850	l	1990
502	2071	l	1922
503	479	k	2001
504	1051	r	1906
505	1319	l	1927
506	1118	l	1905
507	917	l	1995
508	176	t	1915
509	3028	l	1846
510	2985	l	1982
511	510	l	1998
512	1789	t	1953
513	3124	k	2010
514	1377	l	1844
515	2289	t	1998
516	88	t	1905
517	2418	r	1973
518	2503	r	1942
519	1735	t	1995
520	725	l	1998
521	1620	t	1900
522	1698	t	1910
523	3122	t	1973
524	3176	t	1993
525	2052	l	2016
526	718	l	1903
527	511	k	2004
528	3213	l	1845
529	542	t	1892
530	840	k	2001
531	1784	t	1990
532	738	t	1936
533	2723	l	2016
534	2873	l	1863
535	214	k	2004
536	57	t	1867
537	2252	r	1858
538	816	r	1979
539	2471	r	1941
540	1010	l	1970
541	329	l	1833
542	1160	r	2013
543	669	l	1903
544	2187	k	2016
545	2345	t	1986
546	856	r	1990
547	160	l	1979
548	1772	l	2019
549	345	l	1970
550	2893	l	1880
551	2970	l	1976
552	3113	l	1832
553	2623	l	1910
554	22	k	2019
555	2506	l	1945
556	2811	l	1880
557	1882	l	1897
558	3151	t	1877
559	1148	r	1990
560	719	k	1990
561	1309	t	1973
562	869	r	1995
563	2841	l	1985
564	2836	r	1945
565	75	t	1863
566	1518	k	2010
567	138	r	1949
568	3116	l	1934
569	1985	l	1946
570	1126	l	1973
571	1339	l	1881
572	2927	l	1960
573	1954	t	1942
574	1285	l	1973
575	1076	l	1976
576	770	l	1863
577	2247	r	1973
578	2245	l	1920
579	1460	r	1982
580	2829	t	1946
581	1374	k	2007
582	1232	l	1860
583	1308	l	1921
584	1688	l	2016
585	2243	r	2013
586	454	r	1987
587	1970	l	2010
588	3117	l	1946
589	3054	r	1926
590	1937	r	1998
591	3008	k	2013
592	2778	l	1883
593	1086	k	1993
594	40	l	1954
595	2863	t	1873
596	703	r	1904
597	2854	t	1905
598	2140	r	1946
599	1317	r	1960
600	2923	k	1990
601	715	l	2019
602	1542	t	2013
603	679	t	2001
604	1794	r	1832
605	1487	r	2001
606	1866	l	1873
607	77	k	2019
608	1905	l	1836
609	1846	l	1973
610	2614	t	2001
611	539	r	2007
612	2391	t	2007
613	1770	l	1887
614	2611	t	1906
615	2965	r	2019
616	2268	l	1858
617	1338	r	1956
618	3209	l	1891
619	298	r	2019
620	489	t	2007
621	1457	r	1830
622	1434	t	1993
623	1069	l	1858
624	1422	r	1837
625	365	r	1995
626	2935	r	1871
627	1254	l	1948
628	659	r	1839
629	3015	l	1858
630	1291	t	1936
631	759	r	1973
632	446	t	1933
633	2306	t	1861
634	3173	t	1988
635	480	t	1973
636	1536	r	1960
637	687	t	1899
638	3080	t	1976
639	1538	l	1858
640	3110	r	1939
641	1075	l	1995
642	543	t	2001
643	909	t	1990
644	1458	t	1907
645	2710	l	1987
646	1192	r	1965
647	624	r	1903
648	774	k	2013
649	2121	t	1935
650	1115	t	1973
651	1455	l	1958
652	56	r	1840
653	1646	t	1960
654	768	r	1946
655	2276	t	1873
656	2592	l	1911
657	2916	l	1864
658	437	l	1946
659	2896	l	1884
660	29	l	1990
661	2034	t	2010
662	2618	l	1871
663	3213	t	1885
664	2499	k	2004
665	1600	l	1943
666	1757	k	1995
667	1765	l	1858
668	514	t	1998
669	622	t	1900
670	3071	t	1858
671	2999	r	1835
672	1920	t	1943
673	2009	k	2013
674	1675	l	1913
675	435	l	1919
676	2628	l	1841
677	52	t	1979
678	1701	t	2004
679	153	t	1834
680	1975	t	1832
681	1381	r	2016
682	681	k	1990
683	2861	r	1995
684	2518	t	1965
685	2194	k	1995
686	1409	r	1858
687	1622	r	2019
688	1006	k	1900
689	366	l	2004
690	1801	l	1892
691	2450	l	1928
692	2505	t	1983
693	1629	t	1901
694	1558	l	1948
695	3163	l	1881
696	2136	l	1954
697	2442	t	1938
698	3028	t	1886
699	929	r	1976
700	3181	l	2007
701	2599	r	1965
702	2520	l	1943
703	428	l	2019
704	2595	t	2007
705	2767	l	1942
706	857	l	1998
707	3194	l	1847
708	1019	r	1982
709	534	t	1858
710	2948	r	1985
711	2582	t	2001
712	2938	l	1922
713	614	l	1892
714	2648	r	1908
715	1	k	1993
716	3210	t	1925
717	302	l	1899
718	2840	r	1898
719	2000	l	1871
720	1001	k	1846
721	2775	l	1982
722	3215	l	1987
723	180	l	1879
724	2037	l	1858
725	926	t	1858
726	2043	k	1998
727	777	t	1865
728	2597	r	1995
729	221	r	1873
730	2242	t	1995
731	3001	l	1893
732	2764	t	1910
733	1847	l	1946
734	1718	l	1970
735	2599	l	1953
736	559	k	2004
737	2828	t	1988
738	873	l	1970
739	2172	l	1892
740	1110	t	1876
741	2120	l	1967
742	2640	r	1982
743	2933	l	1840
744	2466	l	1990
745	704	l	1884
746	1627	r	1995
747	2344	k	1990
748	2793	r	1929
749	749	l	1942
750	2616	r	1898
751	473	t	1998
752	2202	t	1973
753	965	l	1982
754	280	t	2001
755	2051	t	1872
756	755	r	1973
757	2535	r	2010
758	1742	r	2013
759	212	r	1928
760	977	l	1956
761	298	l	2013
762	819	k	1993
763	1511	t	1874
764	1640	l	1993
765	273	l	1923
766	2493	l	1898
767	200	l	1939
768	657	t	1979
769	1373	r	2019
770	628	r	2004
771	1617	r	1916
772	2167	r	2010
773	413	r	1976
774	3167	t	1905
775	2331	r	1982
776	1777	l	1982
777	2332	l	1924
778	2784	l	1995
779	1686	r	1892
780	128	t	1990
781	236	l	2004
782	866	r	2007
783	1947	l	1939
784	1938	t	1832
785	2866	l	1936
786	2352	r	2019
787	1881	l	2016
788	323	t	1939
789	2631	l	1951
790	2406	r	1976
791	1027	t	1965
792	3014	l	1878
793	1469	l	1898
794	2548	r	1946
795	2929	r	1965
796	2280	r	2007
797	3018	t	1970
798	2684	l	1990
799	958	t	1881
800	2730	l	1927
801	2026	l	1954
802	1245	l	1990
803	1226	k	1995
804	1743	l	1990
805	709	l	1896
806	850	r	1976
807	743	l	1973
808	376	l	1982
809	1305	l	1880
810	1999	l	1865
811	1973	r	1873
812	2661	t	1882
813	2583	l	1860
814	624	l	1893
815	553	t	1864
816	3021	k	1990
817	2139	l	1982
818	1559	l	1864
819	502	t	1889
820	2483	t	2019
821	2198	r	1836
822	190	l	1921
823	470	l	2007
824	2411	l	1930
825	2300	l	1990
826	358	l	1847
827	924	r	1927
828	1253	l	1922
829	1144	l	1832
830	1259	r	1995
831	2195	t	1917
832	408	r	2013
833	381	l	1982
834	1787	l	1915
835	1575	t	2010
836	1466	r	1912
837	2112	t	1898
838	1726	r	2013
839	484	t	1964
840	2150	r	1970
841	3142	r	1838
842	364	r	1982
843	1131	l	1883
844	1486	l	2010
845	2952	t	1941
846	424	l	1945
847	1898	k	2004
848	1941	l	1903
849	2182	l	1936
850	3189	t	1949
851	1483	l	1995
852	2540	t	1979
853	1883	r	2007
854	2782	t	1867
855	2457	l	2001
856	2062	t	1858
857	1446	t	1834
858	390	l	1927
859	2658	t	1872
860	665	t	1847
861	1318	l	1918
862	993	r	1985
863	2924	k	2004
864	755	l	1961
865	1624	t	1977
866	1696	l	1880
867	1470	r	1838
868	2478	t	1990
869	1709	l	1843
870	1342	r	1976
871	2663	l	1933
872	13	l	1882
873	1475	l	1906
874	1734	l	1858
875	1236	l	1946
876	2408	r	1905
877	461	k	1995
878	1240	k	2016
879	1114	l	1858
880	2269	t	1877
881	1151	l	1916
882	2572	r	2004
883	2231	l	1901
884	3152	k	2004
885	58	t	1927
886	230	r	2007
887	2802	r	1922
888	1242	l	2010
889	3136	t	1871
890	2533	k	1995
891	180	r	1884
892	2463	r	1987
893	1405	r	1872
894	430	t	1910
895	2392	l	2007
896	1588	l	1893
897	1805	l	2010
898	1946	t	1869
899	1336	t	1955
900	111	t	1880
901	844	l	1970
902	269	r	1976
903	897	t	1995
904	262	r	1908
905	1579	l	2004
906	2458	t	1871
907	2808	t	1990
908	1022	t	1892
909	1802	l	1982
910	2446	t	1940
911	3150	r	1985
912	2068	t	1858
913	253	t	1982
914	83	r	1991
915	84	t	1986
916	1987	r	1931
917	2855	t	2013
918	1894	r	1858
919	2032	r	1995
920	648	t	1970
921	2135	t	1913
922	1544	t	1986
923	2028	r	1985
924	2465	r	1982
925	1961	l	1947
926	1909	l	1833
927	244	l	1945
928	401	k	1990
929	2551	l	2004
930	3042	r	1982
931	2560	k	1993
932	2567	l	1902
933	308	l	1942
934	1718	r	1979
935	3211	r	1830
936	1723	t	1986
937	1997	l	1934
938	3092	t	1986
939	2907	t	1878
940	1824	l	2001
941	2639	l	1877
942	8	r	1894
943	2759	l	1902
944	2295	r	1883
945	2207	t	2007
946	1078	l	1945
947	267	l	1892
948	3191	t	1899
949	1760	l	1847
950	1790	r	1990
951	135	l	1902
952	3102	l	1867
953	943	k	1995
954	3143	l	1990
955	1510	r	1893
956	1206	l	1949
957	1281	k	1928
958	307	l	1982
959	2067	t	1872
960	1753	l	1863
961	2147	k	2001
962	3220	l	1889
963	2904	k	2010
964	1460	l	1976
965	590	k	1928
966	626	l	1990
967	646	l	2001
968	1523	k	1998
969	407	t	1979
970	956	t	2010
971	450	l	1870
972	2563	l	1931
973	2777	r	2016
974	29	r	1998
975	2668	r	1835
976	2494	r	1998
977	178	t	1932
978	3208	l	1911
979	1845	k	2004
980	1248	k	1993
981	1896	r	1910
982	668	r	2013
983	448	t	2007
984	266	l	1897
985	1979	r	1870
986	702	t	1858
987	2230	l	1908
988	3134	l	1841
989	86	r	1920
990	993	l	1976
991	1976	l	1908
992	2500	l	1987
993	1200	l	1858
994	2024	r	2001
995	625	r	2001
996	393	l	1846
997	2469	r	1998
998	2869	t	2007
999	1922	t	1967
1000	905	l	1899
1001	2153	t	1882
1002	1552	l	1883
1003	913	t	1841
1004	655	t	1981
1005	2100	l	1973
1006	1887	t	1939
1007	1762	l	1927
1008	1245	r	1995
1009	2554	l	1973
1010	437	r	1946
1011	414	r	1946
1012	14	r	2013
1013	524	l	1896
1014	2080	r	1885
1015	2250	r	1861
1016	2228	l	1884
1017	2998	l	1863
1018	707	k	1998
1019	1878	l	1897
1020	20	t	1998
1021	2133	t	1894
1022	196	l	2019
1023	685	l	1930
1024	206	l	1871
1025	2404	l	1831
1026	1545	t	2004
1027	1764	l	1998
1028	859	l	1962
1029	1371	l	1865
1030	1219	k	2013
1031	684	l	1987
1032	379	r	1946
1033	2608	t	2010
1034	2561	l	1948
1035	1549	t	1916
1036	398	l	1976
1037	1087	t	1868
1038	138	t	1945
1039	286	r	1998
1040	3185	t	1869
1041	2850	r	1954
1042	846	l	1933
1043	1925	t	1981
1044	1522	l	1837
1045	1573	t	2007
1046	775	t	1953
1047	85	t	1915
1048	1960	r	1985
1049	508	r	1982
1050	2733	r	2004
1051	1423	r	1995
1052	688	t	1986
1053	2073	r	2013
1054	3093	l	1990
1055	685	t	1948
1056	568	l	1993
1057	2900	r	2019
1058	3058	l	1900
1059	1834	t	1939
1060	635	t	1925
1061	1850	r	1995
1062	1683	l	1921
1063	2525	l	1982
1064	3163	r	1889
1065	1398	l	1962
1066	1437	t	1834
1067	2615	r	1990
1068	674	l	1976
1069	2253	l	2013
1070	1103	k	1995
1071	1563	k	2001
1072	1708	l	1951
1073	1238	k	1995
1074	285	t	1831
1075	269	l	1967
1076	2694	l	2004
1077	3149	l	2001
1078	615	r	1880
1079	177	l	2007
1080	984	k	2007
1081	813	l	1892
1082	3161	l	1831
1083	2559	l	1831
1084	1125	l	2013
1085	1459	r	2004
1086	32	l	1834
1087	260	l	1863
1088	417	l	2004
1089	3219	t	1932
1090	894	l	2019
1091	853	l	1973
1092	3197	l	1831
1093	1306	t	1926
1094	3073	l	1837
1095	2946	l	2007
1096	1423	l	1987
1097	332	l	1940
1098	764	t	1884
1099	2077	l	1946
1100	2086	l	1859
1101	3225	t	1953
1102	1807	t	2010
1103	1272	r	1976
1104	778	l	1938
1105	1155	r	1951
1106	1811	l	1976
1107	1350	l	1953
1108	1999	t	1920
1109	2435	r	1987
1110	1016	r	1955
1111	1678	l	1861
1112	2380	l	1871
1113	2718	l	1945
1114	2863	r	1858
1115	2310	k	1990
1116	1638	r	1995
1117	2645	l	1832
1118	1724	r	1893
1119	539	l	2001
1120	1670	r	1987
1121	2813	t	1933
1122	2928	k	1953
1123	2791	t	1923
1124	2906	t	1865
1125	1065	t	1863
1126	2980	r	1973
1127	2685	l	2004
1128	2679	t	1858
1129	191	l	1864
1130	617	r	1985
1131	1095	k	1990
1132	1149	l	1932
1133	2466	r	1993
1134	1178	l	1967
1135	1174	t	1858
1136	150	l	1948
1137	2303	l	1928
1138	486	l	1843
1139	3090	l	1985
1140	828	t	2001
1141	1048	l	1911
1142	1489	r	2004
1143	3183	l	1883
1144	2935	l	1859
1145	2438	t	1888
1146	1829	l	1990
1147	1061	k	2001
1148	2060	r	1976
1149	589	t	1876
1150	2864	t	1859
1151	107	l	2001
1152	1890	k	1998
1153	1117	r	1946
1154	870	r	1830
1155	1223	r	1979
1156	2885	l	1894
1157	237	r	1903
1158	441	l	1998
1159	2350	l	1940
1160	324	l	2016
1161	134	l	1914
1162	970	l	1861
1163	68	l	2010
1164	720	l	1883
1165	2903	t	1986
1166	966	t	1986
1167	2722	t	1983
1168	81	l	1948
1169	342	t	1889
1170	1644	r	1967
1171	2982	k	1995
1172	1782	l	2019
1173	2033	l	1928
1174	2222	k	1990
1175	27	r	1949
1176	1921	t	1935
1177	199	l	1990
1178	1317	l	1949
1179	799	t	1986
1180	3207	l	1990
1181	1070	l	1876
1182	1763	k	2001
1183	2711	r	1967
1184	1516	t	1858
1185	2587	t	2004
1186	327	t	1846
1187	439	l	1938
1188	1730	l	1941
1189	1732	t	1922
1190	2237	r	1893
1191	1958	l	1875
1192	2486	t	1998
1193	1794	l	1832
1194	160	r	1987
1195	1759	l	1900
1196	714	l	1990
1197	245	l	1943
1198	577	r	1938
1199	3226	l	1910
1200	71	l	1987
1201	834	t	1908
1202	2066	t	1986
1203	2626	t	1913
1204	159	t	1858
1205	2021	k	2016
1206	1375	l	1990
1207	2814	l	1965
1208	370	l	1973
1209	2203	l	1945
1210	1560	k	1995
1211	2906	l	1861
1212	1169	t	2004
1213	201	l	1951
1214	1142	k	1995
1215	1482	k	1876
1216	144	r	2004
1217	1491	l	1906
1218	1411	l	2004
1219	2058	t	1907
1220	2654	r	1995
1221	860	l	1967
1222	1936	l	1949
1223	1793	t	1998
1224	2239	r	2016
1225	1712	r	2016
1226	2111	k	2016
1227	2546	r	2019
1228	2038	k	2001
1229	576	r	2007
1230	1618	t	2007
1231	1015	l	1987
1232	2479	r	1831
1233	126	t	1986
1234	2647	k	1995
1235	1797	l	1923
1236	194	l	1995
1237	3195	l	2016
1238	1986	l	1869
1239	3044	t	1953
1240	845	r	1965
1241	2445	l	1911
1242	3170	t	1858
1243	2534	t	1983
1244	2780	r	1936
1245	1474	k	1998
1246	2825	t	1936
1247	2925	k	1995
1248	865	t	2016
1249	922	r	1998
1250	1380	l	1839
1251	2920	l	2010
1252	1353	t	1990
1253	2738	r	1938
1254	425	l	1909
1255	1062	r	1915
1256	1813	t	2013
1257	1826	r	1880
1258	1852	l	2010
1259	240	t	1953
1260	2372	r	1912
1261	1257	l	1946
1262	3227	t	1970
1263	1499	l	1941
1264	1901	t	1946
1265	1919	r	1947
1266	334	l	1932
1267	2807	t	1939
1268	1553	t	1988
1269	2480	r	1973
1270	2646	k	2010
1271	2752	l	1946
1272	2040	l	1897
1273	1886	t	1960
1274	968	r	2019
1275	1623	l	1965
1276	1421	l	1998
1277	1657	r	1976
1278	373	t	1906
1279	1454	r	2007
1280	2547	l	1847
1281	1361	r	1935
1282	901	l	2004
1283	1721	l	1937
1284	2887	l	1910
1285	1655	l	1998
1286	2823	t	1976
1287	3000	t	2001
1288	1409	l	1834
1289	2902	t	1925
1290	1382	l	1891
1291	710	r	1956
1292	626	r	1995
1293	1930	l	1918
1294	2364	r	1832
1295	1172	r	1934
1296	1781	t	2001
1297	2083	t	1990
1298	1628	t	1872
1299	2071	t	1942
1300	1871	l	1998
1301	3049	l	1946
1302	3229	l	1949
1303	2556	t	1955
1304	571	t	1995
1305	1330	l	2019
1306	978	l	1987
1307	360	l	1835
1308	2293	l	1892
1309	2774	l	1964
1310	1713	r	1900
1311	2538	l	1867
1312	1055	t	1953
1313	2485	l	1832
1314	2439	k	2007
1315	2389	l	2013
1316	1194	r	1860
1317	2298	t	1937
1318	676	l	1858
1319	603	l	2010
1320	796	l	1839
1321	2685	r	2010
1322	987	r	2004
1323	2663	r	1943
1324	1504	t	1875
1325	3062	l	1973
1326	379	l	1926
1327	2947	l	1998
1328	2824	l	2019
1329	2686	k	2010
1330	854	t	1894
1331	3	t	1979
1332	767	l	1990
1333	2602	l	2001
1334	3081	t	2010
1335	402	t	1981
1336	1623	r	1973
1337	244	r	1990
1338	1740	t	1867
1339	2995	t	2007
1340	731	r	1929
1341	2947	r	2004
1342	3141	t	2019
1343	2162	t	2010
1344	535	l	1982
1345	2701	r	1923
1346	2078	t	1964
1347	441	r	2004
1348	2695	r	1982
1349	438	l	2001
1350	2707	l	1945
1351	947	r	1926
1352	947	l	1915
1353	2028	l	1979
1354	2829	l	1943
1355	319	r	2004
1356	1382	r	1900
1357	3174	t	2010
1358	1974	l	1987
1359	573	t	1859
1360	2320	l	1945
1361	140	l	1945
1362	1408	t	1986
1363	1141	l	1982
1364	1076	r	1987
1365	2451	l	1879
1366	2719	l	1865
1367	174	t	1893
1368	651	l	1884
1369	2772	t	1983
1370	2548	l	1938
1371	3180	t	1858
1372	317	l	1954
1373	1310	r	1993
1374	1288	l	1899
1375	554	t	1988
1376	2835	r	2001
1377	3082	t	1915
1378	1295	l	1859
1379	2968	t	1976
1380	505	l	1925
1381	60	t	1922
1382	113	l	1995
1383	1966	l	1840
1384	1980	t	1831
1385	1035	k	2001
1386	3034	l	2001
1387	405	l	1928
1388	613	t	1833
1389	2990	l	1990
1390	2464	t	1967
1391	155	l	1881
1392	2976	k	2004
1393	3220	r	1910
1394	246	l	1936
1395	620	l	1951
1396	421	t	1872
1397	2717	r	1830
1398	2040	r	1924
1399	989	l	2007
1400	1362	l	1993
1401	2890	l	1940
1402	868	l	1973
1403	1658	l	1987
1404	728	t	2010
1405	2777	l	2010
1406	2163	t	1988
1407	2307	k	2013
1408	547	t	1934
1409	61	l	1946
1410	2236	t	1871
1411	1175	l	1861
1412	1385	t	1936
1413	187	t	1858
1414	38	t	1979
1415	2263	l	1965
1416	898	r	1925
1417	1280	l	1882
1418	1108	r	2010
1419	1679	r	1976
1420	2255	r	1973
1421	2192	t	1858
1422	438	r	2007
1423	2770	r	2007
1424	2638	r	2013
1425	237	t	1934
1426	1002	t	1979
1427	2114	l	1985
1428	1170	t	1973
1429	2420	t	2016
1430	1867	r	1962
1431	3177	r	1995
1432	2425	l	2013
1433	211	r	1985
1434	2502	r	2010
1435	123	t	1979
1436	1111	r	1998
1437	2365	r	1907
1438	1418	k	2004
1439	2601	l	1833
1440	2403	r	2007
1441	3193	l	1990
1442	48	t	2010
1443	1814	l	1895
1444	660	t	1981
1445	1084	k	1990
1446	1506	k	1928
1447	844	r	1973
1448	2508	l	1908
1449	1818	l	1987
1450	175	l	2019
1451	328	r	1923
1452	2848	l	1837
1453	726	t	1881
1454	458	l	1925
1455	117	l	1922
1456	910	k	2016
1457	2358	k	1998
1458	2255	l	1965
1459	889	l	1915
1460	1783	l	1917
1461	1750	l	1858
1462	1502	t	1932
1463	2745	l	1987
1464	3039	r	1987
1465	2876	r	2007
1466	2152	l	1905
1467	2266	t	1871
1468	2294	r	1932
1469	2262	l	1891
1470	1133	r	1953
1471	2987	t	1998
1472	2322	t	1979
1473	2648	l	1896
1474	2308	t	1906
1475	1063	l	1879
1476	2629	r	2013
1477	517	r	1990
1478	1464	t	1998
1479	2682	t	1983
1480	695	l	1979
1481	1440	k	2007
1482	2740	r	2004
1483	2732	l	1888
1484	1592	r	2013
1485	30	l	1914
1486	2948	l	1976
1487	2012	r	1946
1488	1019	l	1973
1489	1177	t	1939
1490	469	k	2019
1491	2477	r	1830
1492	1856	r	1955
1493	2576	t	1973
1494	2069	t	1868
1495	2912	r	1945
1496	1285	r	1982
1497	2233	t	1894
1498	1917	r	2007
1499	2315	k	1833
1500	251	r	1982
1501	581	l	1967
1502	959	l	1843
1503	74	r	1930
1504	1033	l	1990
1505	436	l	1927
1506	96	t	1993
1507	1060	t	2010
1508	1218	l	2001
1509	3016	k	2016
1510	237	l	1897
1511	2909	k	2001
1512	462	l	1995
1513	1405	l	1863
1514	1854	t	1979
1515	3155	l	1858
1516	521	l	1990
1517	2286	k	2004
1518	1864	l	1973
1519	2600	l	1993
1520	2469	l	1990
1521	2621	r	1970
1522	991	k	1998
1523	19	t	1979
1524	1554	l	1858
1525	65	l	1861
1526	1365	t	1890
1527	1125	r	2019
1528	1879	k	2010
1529	1257	r	1946
1530	908	l	1932
1531	317	r	1961
1532	2744	t	1948
1533	2215	l	1922
1534	2826	l	1956
1535	1902	l	1888
1536	1973	l	1858
1537	883	l	1859
1538	3085	l	1967
1539	320	t	1896
1540	1916	t	2004
1541	1180	t	1877
1542	2764	l	1884
1543	1463	t	1940
1544	2631	r	1958
1545	256	l	1938
1546	2536	l	1967
1547	2749	t	1889
1548	3177	l	1990
1549	2610	l	2007
1550	2002	r	1993
1551	1902	r	1907
1552	1889	l	1995
1553	300	t	1874
1554	510	r	2004
1555	444	l	1961
1556	2598	k	1990
1557	2839	l	1973
1558	34	l	1874
1559	3002	l	1939
1560	1269	l	2010
1561	1994	l	1915
1562	1467	l	1943
1563	251	l	1967
1564	1779	r	1995
1565	1450	k	2013
1566	369	r	1976
1567	217	r	1880
1568	1395	t	1986
1569	3059	t	2007
1570	2071	r	1935
1571	3138	t	1993
1572	1537	r	1956
1573	2748	t	1979
1574	2642	t	1965
1575	1714	k	1998
1576	1660	l	1896
1577	2159	l	1908
1578	791	l	1970
1579	2689	r	1884
1580	2712	r	1961
1581	2247	l	1964
1582	2393	t	1925
1583	2154	l	2001
1584	2001	t	1897
1585	1541	l	2010
1586	129	l	2016
1587	3202	t	1932
1588	918	l	1987
1589	2498	l	1982
1590	1359	t	2004
1591	1914	r	1991
1592	1220	l	1860
1593	789	l	1883
1594	211	l	1976
1595	2523	l	1896
1596	2603	l	1958
1597	2017	l	1859
1598	2311	t	1940
1599	3183	r	1890
1600	1085	t	1979
1601	1276	l	1973
1602	478	t	1958
1603	3105	r	1934
1604	2456	r	1970
1605	3090	r	1990
1606	983	k	2016
1607	3127	t	1844
1608	855	k	1998
1609	2319	r	1874
1610	420	t	1903
1611	2125	l	2004
1612	124	t	1976
1613	217	l	1863
1614	1792	l	1905
1615	1825	r	1937
1616	388	k	1869
1617	558	t	1995
1618	1213	l	2019
1619	1333	l	1879
1620	2714	r	1907
1621	1426	t	1998
1622	1993	l	1905
1623	1045	r	1930
1624	2635	l	1935
1625	1292	t	1874
1626	2526	t	2001
1627	2739	l	2004
1628	1091	l	1899
1629	740	r	2001
1630	1991	t	1973
1631	447	t	1913
1632	2011	l	1859
1633	754	t	1979
1634	2915	r	1951
1635	283	l	1844
1636	2532	t	1930
1637	1397	r	1979
1638	2692	r	1979
1639	536	k	2007
1640	1431	l	1976
1641	2392	r	2013
1642	2132	t	2004
1643	457	t	1973
1644	115	l	1967
1645	2225	l	2004
1646	2417	t	1930
1647	776	r	1953
1648	3142	t	1844
1649	2856	l	1896
1650	933	l	1990
1651	2913	l	1832
1652	2167	l	2001
1653	1821	r	1873
1654	884	l	1907
1655	1657	l	1967
1656	1825	l	1925
1657	1534	r	1982
1658	1842	r	1875
1659	3145	k	1998
1660	1378	r	1948
1661	212	l	1917
1662	222	l	1973
1663	1099	t	1998
1664	341	l	1993
1665	6	t	2007
1666	1003	t	1988
1667	1838	r	1976
1668	1297	r	1910
1669	980	l	1846
1670	1108	l	2004
1671	472	k	1993
1672	3115	l	1927
1673	72	l	1990
1674	1843	t	1937
1675	2554	r	1979
1676	2146	k	2019
1677	2729	l	1833
1678	2296	l	1945
1679	973	r	1955
1680	153	r	1832
1681	2919	l	1985
1682	2967	k	1993
1683	2594	l	1945
1684	2475	k	1998
1685	710	l	1949
1686	314	l	1832
1687	2449	l	1884
1688	1398	r	1973
1689	2679	l	1832
1690	1100	l	1965
1691	800	l	1945
1692	594	l	1926
1693	1608	l	1846
1694	131	l	2019
1695	963	r	2001
1696	2966	r	1998
1697	1314	l	1925
1698	494	l	1906
1699	1864	r	1985
1700	493	k	1928
1701	1010	r	1979
1702	1190	l	2016
1703	1865	l	1976
1704	812	k	2001
1705	1024	r	1949
1706	1296	t	1986
1707	279	t	1983
1708	2550	l	1839
1709	386	t	1873
1710	3224	r	1976
1711	1932	t	1921
1712	1567	r	1830
1713	1867	l	1948
1714	2283	l	1946
1715	3110	l	1927
1716	2500	r	1995
1717	1729	l	2013
1718	2350	r	1948
1719	2866	r	1943
1720	1658	r	1993
1721	468	l	1833
1722	2338	l	2016
1723	3157	l	2016
1724	453	l	1859
1725	2993	l	1920
1726	1530	k	1993
1727	3129	t	2007
1728	647	r	1946
1729	906	k	2007
1730	610	k	2001
1731	2504	r	1990
1732	397	l	1888
1733	71	r	1993
1734	297	l	1998
1735	888	t	1847
1736	1767	r	1945
1737	2790	l	1985
1738	1681	l	1858
1739	378	t	2004
1740	1403	t	1875
1741	2206	l	1998
1742	1355	k	1993
1743	2964	r	1891
1744	1601	l	1970
1745	831	t	1933
1746	2932	t	2001
1747	1990	l	1929
1748	516	l	1945
1749	2262	r	1915
1750	59	l	1933
1751	2176	l	1836
1752	81	r	1950
1753	3017	l	1873
1754	2900	l	2013
1755	1411	r	2010
1756	1009	t	1973
1757	1862	t	2007
1758	1104	t	1986
1759	556	l	1973
1760	1225	t	1872
1761	700	l	1920
1762	2739	r	2010
1763	975	t	2004
1764	684	r	1993
1765	1122	l	1899
1766	2963	l	1933
1767	2472	r	1962
1768	1611	t	2013
1769	1758	l	1868
1770	47	t	2001
1771	1604	r	1982
1772	33	r	2004
1773	2005	k	2004
1774	2079	l	2001
1775	3064	r	2001
1776	2802	l	1905
1777	2244	t	1863
1778	2103	l	1932
1779	1334	l	1940
1780	1586	l	1985
1781	165	t	1979
1782	696	r	1998
1783	452	r	1982
1784	687	r	1869
1785	750	l	1831
1786	1576	l	1846
1787	1755	t	1832
1788	1354	k	2019
1789	2452	r	2007
1790	1343	t	1998
1791	305	r	2001
1792	785	r	1947
1793	1424	t	2019
1794	341	r	1998
1795	1121	t	1831
1796	2902	r	1889
1797	100	l	1872
1798	1533	r	1888
1799	1046	l	1858
1800	1372	r	1949
1801	1877	t	1873
1802	470	r	2016
1803	2797	t	1941
1804	2305	t	1983
1805	2049	l	1985
1806	1458	r	1880
1807	1554	r	1867
1808	2804	l	1949
1809	2650	r	2016
1810	2398	r	1985
1811	69	l	1879
1812	2166	t	1880
1813	1179	k	2010
1814	1756	k	1998
1815	2056	r	1836
1816	2623	r	1922
1817	1635	k	2013
1818	2197	l	1960
1819	1461	l	1837
1820	1250	l	1874
1821	2612	t	1936
1822	861	t	2004
1823	1613	l	1979
1824	2958	t	1907
1825	604	r	1876
1826	3230	r	1954
1827	1462	t	1899
1828	65	t	1868
1829	1217	l	1943
1830	2588	l	1985
1831	3050	r	2001
1832	1897	l	1948
1833	1345	r	2007
1834	2621	l	1948
1835	46	l	2007
1836	864	l	1936
1837	731	t	1938
1838	1796	r	2016
1839	2249	l	1970
1840	2955	r	1831
1841	2336	t	2001
1842	2252	l	1832
1843	2604	r	1907
1844	3191	r	1870
1845	2300	r	1995
1846	2858	r	1928
1847	1555	t	2019
1848	1515	t	2016
1849	1584	r	2007
1850	2119	r	1830
1851	1969	r	1949
1852	2173	l	1951
1853	1331	l	1831
1854	877	t	1988
1855	1526	r	1998
1856	739	t	1964
1857	140	r	1960
1858	249	t	1938
1859	1582	l	1843
1860	4	t	1921
1861	44	l	1985
1862	290	t	1940
1863	586	t	2004
1864	398	r	1985
1865	583	r	1877
1866	2620	l	1863
1867	2008	l	1909
1868	779	l	1847
1869	72	r	1998
1870	1203	l	2001
1871	2635	r	1945
1872	459	l	1834
1873	2944	t	1890
1874	2100	r	1979
1875	3039	l	1982
1876	1039	t	1878
1877	1882	r	1908
1878	44	r	1990
1879	2876	l	2001
1880	1468	t	1993
1881	1837	t	2007
1882	1215	l	1920
1883	2109	t	1937
1884	451	t	1960
1885	611	l	1911
1886	595	k	2019
1887	1775	l	1858
1888	2415	r	2010
1889	2549	r	1946
1890	2454	l	2016
1891	2015	t	1874
1892	3222	t	1858
1893	1277	t	1946
1894	1740	l	1841
1895	1134	l	1860
1896	2591	l	1973
1897	1719	k	1990
1898	2365	t	1916
1899	939	l	2010
1900	2649	t	1988
1901	402	l	1937
1902	1751	t	1889
1903	2655	t	1831
1904	1686	l	1872
1905	199	r	1995
1906	1188	l	1832
1907	2398	l	1976
1908	235	t	1988
1909	3117	r	1946
1910	282	l	1884
1911	1747	t	1879
1912	2818	t	1993
1913	2491	k	2016
1914	2496	t	1909
1915	3203	t	1878
1916	2214	t	1876
1917	1021	l	1948
1918	1332	l	1993
1919	2013	r	2007
1920	3023	l	1949
1921	1513	l	2010
1922	322	t	1888
1923	1420	l	2004
1924	2352	l	2013
1925	2492	r	1970
1926	63	r	1830
1927	2473	t	1979
1928	849	l	1864
1929	2675	l	1836
1930	2632	l	1831
1931	2123	k	2004
1932	816	l	1973
1933	1728	k	2010
1934	122	k	2007
1935	2221	t	1910
1936	2551	r	2010
1937	292	r	2013
1938	3209	t	1928
1939	1485	t	1865
1940	2318	l	1998
1941	1648	t	2001
1942	231	l	1949
1943	2131	r	1979
1944	930	r	1993
1945	2161	l	1922
1946	1634	l	1995
1947	1868	t	1925
1948	1605	l	1887
1949	2770	l	2001
1950	2838	t	1998
1951	2969	t	1955
1952	1952	l	1895
1953	2175	l	1831
1954	1185	r	1987
1955	1183	t	2013
1956	1619	k	1993
1957	2258	l	2004
1958	2497	t	2010
1959	1262	r	1941
1960	1042	r	1939
1961	2074	k	2004
1962	2797	l	1924
1963	2240	t	1986
1964	873	r	1982
1965	961	k	1990
1966	2674	t	1838
1967	2091	t	1882
1968	1814	r	1909
1969	2382	l	1836
1970	1014	r	1946
1971	3212	l	1868
1972	2680	r	1928
1973	2939	r	1990
1974	916	t	1979
1975	2295	l	1873
1976	583	l	1859
1977	1550	r	1958
1978	374	l	1861
1979	1332	r	1998
1980	346	r	1858
1981	414	l	1941
1982	276	l	2001
1983	3178	l	1970
1984	3083	r	1910
1985	685	r	1940
1986	291	t	2001
1987	782	t	1967
1988	862	l	1868
1989	1687	k	2004
1990	1710	t	1990
1991	526	l	1932
1992	1414	l	2019
1993	2934	l	1950
1994	577	t	1946
1995	2157	t	1998
1996	3131	r	1889
1997	1571	t	1896
1998	1737	r	2016
1999	1066	l	1865
2000	2108	r	2010
2001	981	r	1998
2002	2397	t	1891
2003	181	t	1988
2004	135	r	1915
2005	2697	l	1909
2006	1211	l	1858
2007	1742	l	2007
2008	108	r	1858
2009	607	t	1917
2010	2805	r	1858
2011	3032	r	1979
2012	837	t	1896
2013	843	l	1951
2014	262	l	1896
2015	2775	r	1990
2016	557	l	1965
2017	1249	l	1982
2018	53	l	1838
2019	1749	t	1998
2020	1905	t	1861
2021	788	l	1864
2022	1985	r	1973
2023	2036	k	2013
2024	2781	l	1844
2025	1044	t	1965
2026	1302	r	1861
2027	2441	r	1947
2028	3164	r	2010
2029	294	l	1864
2030	1158	l	1911
2031	2395	t	1976
2032	2743	t	1984
2033	1397	l	1973
2034	600	k	1998
2035	3007	l	1995
2036	2596	t	1995
2037	3074	r	1938
2038	2156	k	2007
2039	2284	t	2010
2040	2335	t	2010
2041	606	t	1858
2042	506	l	1908
2043	1945	t	1976
2044	2972	t	1907
2045	33	l	1995
2046	2140	l	1945
2047	878	t	2004
2048	2409	l	1833
2049	110	l	2019
2050	356	t	1970
2051	913	l	1838
2052	1302	l	1858
2053	3132	t	2013
2054	2785	t	1927
2055	2857	t	1886
2056	2129	t	1861
2057	3175	t	1932
2058	2751	r	1928
2059	1088	k	2010
2060	1660	r	1914
2061	9	t	1870
2062	839	t	2007
2063	1869	k	2016
2064	521	r	1995
2065	1157	k	1947
2066	222	r	1979
2067	933	r	1995
2068	2489	k	1993
2069	1098	t	1880
2070	1533	l	1878
2071	1996	r	2010
2072	2584	t	1881
2073	977	r	1958
2074	2620	r	1883
2075	2218	t	1998
2076	1401	l	2004
2077	3065	t	1965
2078	1075	r	2001
2079	1004	t	1986
2080	1389	t	1938
2081	1404	l	1919
2082	922	l	1990
2083	3070	t	1931
2084	2375	t	1948
2085	228	l	1858
2086	988	r	1939
2087	869	l	1990
2088	120	r	1935
2089	1412	l	1946
2090	245	r	1954
2091	698	k	1998
2092	2613	t	1912
2093	310	r	1995
2094	1038	t	1970
2095	2877	l	1835
2096	1998	l	2001
2097	1833	k	1832
2098	91	t	1908
2099	1047	l	2010
2100	106	t	1897
2101	2046	l	1840
2102	1346	l	2004
2103	3164	l	2004
2104	2817	t	1875
2105	2916	t	1886
2106	104	t	1933
2107	709	r	1908
2108	1413	t	2019
2109	105	l	1896
2110	35	l	1858
2111	2535	l	2004
2112	2946	r	2019
2113	1596	t	1927
2114	2662	r	1925
2115	1034	t	2010
2116	1607	t	1995
2117	2910	r	1985
2118	2158	l	1858
2119	615	l	1871
2120	1097	l	1947
2121	2219	l	2010
2122	2683	t	1868
2123	2064	l	1970
2124	2035	k	2019
2125	2950	r	1946
2126	619	r	2013
2127	1451	l	1911
2128	2771	t	1986
2129	2821	l	1934
2130	3094	l	1925
2131	170	t	1874
2132	3075	l	1840
2133	293	l	1860
2134	3151	l	1847
2135	2931	t	1858
2136	833	t	1955
2137	2351	t	1965
2138	409	r	1892
2139	2287	t	1964
2140	818	k	1993
2141	3121	t	1900
2142	694	t	1990
2143	2429	l	1946
2144	2887	t	1920
2145	205	t	1990
2146	2022	l	1916
2147	1672	t	1927
2148	2055	r	1945
2149	2849	l	1931
2150	497	t	2016
2151	465	l	2016
2152	1507	k	1990
2153	1289	l	1914
2154	1346	r	2010
2155	3186	k	2019
2156	3022	r	1976
2157	148	t	1893
2158	813	r	1912
2159	154	l	1858
2160	62	l	1960
2161	185	l	1951
2162	3140	t	1938
2163	2299	t	1861
2164	1547	k	1998
2165	944	l	1887
2166	1788	t	1873
2167	2407	t	1988
2168	550	r	1923
2169	2939	l	1985
2170	751	t	1995
2171	687	l	1858
2172	463	l	1834
2173	152	k	2010
2174	1767	l	1941
2175	2227	l	1830
2176	1276	r	1979
2177	2780	l	1915
2178	522	t	1833
2179	1939	k	1998
2180	2531	l	2007
2181	1358	k	2001
2182	295	l	1990
2183	394	t	1902
2184	552	l	1941
2185	561	t	1832
2186	2096	l	1917
2187	1663	t	1976
2188	1014	l	1938
2189	2708	l	1859
2190	372	l	1976
2191	1152	k	2001
2192	785	l	1939
2193	1676	l	1995
2194	2104	r	1910
2195	2056	l	1832
2196	2752	r	1979
2197	2282	l	1990
2198	89	l	1836
2199	2151	l	2001
2200	786	l	1861
2201	1570	t	1892
2202	1636	t	1873
2203	2892	r	1990
2204	1726	l	2007
2205	2815	t	1998
2206	929	l	1967
2207	1940	t	1986
2208	3011	l	1964
2209	117	r	1940
2210	2829	r	1945
2211	1551	l	1872
2212	1840	l	1945
2213	3128	k	2007
2214	2346	t	1858
2215	1917	l	2001
2216	1484	l	1932
2217	1692	k	1998
2218	403	l	1939
2219	1026	t	1915
2220	662	t	1895
2221	1351	k	2019
2222	319	l	1998
2223	2301	t	1846
2224	2726	r	1998
2225	962	k	1869
2226	1168	l	1965
2227	2164	l	2013
2228	1416	t	1967
2229	773	l	1884
2230	2065	t	1983
2231	1186	l	1903
2232	1138	t	1885
2233	706	k	1993
2234	1470	l	1835
2235	3199	r	1982
2236	2480	l	1948
2237	1273	l	1914
2238	79	k	2004
2239	714	r	1998
2240	2702	l	1946
2241	1253	t	1945
2242	54	l	1946
2243	564	l	1979
2244	3010	l	1900
2245	693	k	2013
2246	935	t	2004
2247	3230	l	1939
2248	3025	t	1976
2249	477	l	1943
2250	2681	t	1858
2251	492	t	1937
2252	904	l	2001
2253	2832	l	1990
2254	1316	l	2001
2255	409	t	1919
2256	997	l	1943
2257	575	t	1965
2258	806	l	1936
2259	653	t	1979
2260	2047	l	2001
2261	952	r	2010
2262	2853	l	2004
2263	1880	k	1993
2264	1228	l	1921
2265	1780	l	2010
2266	1594	l	1889
2267	2278	t	2007
2268	2261	t	1873
2269	1826	l	1858
2270	852	r	1995
2271	1123	l	1936
2272	2738	l	1935
2273	105	r	1922
2274	1508	l	1833
2275	1475	r	1925
2276	2139	r	1987
2277	1557	t	1990
2278	1598	r	1998
2279	1049	t	1932
2280	355	r	1945
2281	1535	t	1887
2282	485	t	1839
2283	666	r	1877
2284	673	t	1988
2285	213	t	1979
2286	1800	l	1965
2287	632	t	1839
2288	2652	l	1833
2289	2716	r	1987
2290	2057	l	1843
2291	1352	k	1998
2292	337	l	1841
2293	1959	t	2019
2294	1998	r	2007
2295	1140	k	2016
2296	2753	l	1990
2297	1654	t	1934
2298	372	r	1982
2299	1242	r	2016
2300	2721	r	1882
2301	2997	t	1865
2302	2371	l	1993
2303	2254	t	1964
2304	807	t	1964
2305	2604	l	1890
2306	1584	l	2001
2307	871	l	1993
2308	2048	l	1993
2309	2619	l	1938
2310	759	l	1961
2311	318	l	1990
2312	2257	r	1914
2313	2827	r	2010
2314	3218	t	1859
2315	234	t	1981
2316	2348	r	2010
2317	2321	l	1838
2318	2715	l	2004
2319	537	r	1998
2320	1233	r	1973
2321	2558	l	1925
2322	2290	l	1982
2323	2840	l	1873
2324	275	l	1998
2325	1328	l	1938
2326	2168	l	1867
2327	16	l	1970
2328	2230	r	1920
2329	2160	l	1982
2330	1779	l	1993
2331	939	r	2016
2332	1318	t	1942
2333	999	r	2001
2334	1302	t	1872
2335	163	t	1960
2336	3120	t	2010
2337	2063	l	1967
2338	1270	t	1930
2339	422	k	1990
2340	143	l	1839
2341	1831	t	1908
2342	2012	l	1935
2343	2498	r	1987
2344	1621	l	1880
2345	2085	l	1920
2346	732	t	1939
2347	3066	l	1945
2348	668	l	2007
2349	825	l	1973
2350	528	l	1973
2351	753	r	1987
2352	338	l	1939
2353	502	l	1883
2354	382	k	2007
2355	1262	l	1930
2356	2760	l	1990
2357	1572	t	1884
2358	1449	t	2013
2359	609	r	1920
2360	2150	l	1960
2361	1092	l	1908
2362	915	k	2001
2363	449	l	2001
2364	982	l	1891
2365	2316	t	1973
2366	2372	t	1937
2367	2891	l	1990
2368	831	r	1901
2369	2337	t	1981
2370	2317	r	1993
2371	1525	r	1987
2372	3032	l	1973
2373	2692	l	1973
2374	1748	r	2001
2375	667	l	1998
2376	701	t	1983
2377	509	r	2013
2378	2806	l	1859
2379	2662	l	1915
2380	634	l	1890
2381	1626	t	1918
2382	475	t	1926
2383	1093	t	1938
2384	1562	k	2010
2385	1771	l	2019
2386	429	t	1988
2387	241	k	2016
2388	2574	r	1995
2389	564	r	1985
2390	272	l	1951
2391	474	k	2007
2392	2600	r	1998
2393	686	t	1899
2394	2134	t	2007
2395	1494	t	1979
2396	809	l	1865
2397	1310	l	1987
2398	1936	r	1970
2399	2936	t	1913
2400	1300	t	1858
2401	2373	l	2013
2402	1586	r	1993
2403	1645	l	1864
2404	1859	r	2007
2405	1564	t	1881
2406	1548	l	1875
2407	1590	l	1920
2408	3013	l	1940
2409	1888	l	1863
2410	3228	t	1998
2411	1722	l	1918
2412	2604	t	1924
2413	572	l	1976
2414	1656	l	1864
2415	1037	r	1947
2416	1647	r	1942
2417	2437	r	1998
2418	1367	t	2004
2419	987	l	1998
2420	1083	t	1833
2421	3093	r	1995
2422	1811	r	1982
2423	1053	r	1982
2424	325	t	1889
2425	941	t	1931
2426	1369	k	2019
2427	1263	r	1985
2428	1347	l	1909
2429	1041	t	1858
2430	2974	t	1930
2431	2852	r	1982
2432	306	k	2019
2433	2141	l	1995
2434	978	r	1995
2435	2934	r	1960
2436	2044	l	2001
2437	2835	l	1995
2438	406	r	2007
2439	2463	l	1967
2440	704	r	1892
2441	2234	t	1926
2442	2220	t	1953
2443	3137	r	1838
2444	3182	l	1998
2445	426	t	1988
2446	348	t	1998
2447	2113	k	2010
2448	2265	l	1873
2449	2961	t	1955
2450	2543	t	1983
2451	2340	l	2016
2452	2169	l	1906
2453	2874	l	1839
2454	2918	r	2004
2455	1399	t	2013
2456	3004	t	1904
2457	3114	k	1993
2458	255	t	1864
2459	3137	l	1833
2460	3104	l	1920
2461	1533	t	1890
2462	3046	t	1924
2463	1357	t	1979
2464	1145	r	1946
2465	1964	r	1840
2466	1187	t	1998
2467	667	r	2004
2468	1074	l	2016
2469	2926	r	1891
2470	204	r	1956
2471	350	t	1993
2472	166	r	1900
2473	1301	t	1832
2474	2177	t	1976
2475	3027	t	1875
2476	2241	r	1982
2477	1775	r	1865
2478	920	r	1858
2479	371	l	1931
2480	2810	r	1926
2481	460	l	1949
2482	1852	r	2016
2483	1652	t	1983
2484	434	l	1990
2485	658	l	1908
2486	389	t	1995
2487	1274	k	2004
2488	602	l	1940
2489	2638	l	2007
2490	937	r	1987
2491	2633	r	1964
2492	3049	r	1949
2493	2127	t	1993
2494	2914	k	2004
2495	3143	r	1991
2496	2517	l	1934
2497	2363	t	1967
2498	278	l	1973
2499	2691	l	1881
2500	2570	r	1990
2501	525	t	1923
2502	1478	l	1987
2503	928	t	1990
2504	1469	r	1918
2505	695	r	1982
2506	1149	r	1946
2507	2964	l	1880
2508	2196	t	1928
2509	1838	l	1965
2510	1531	t	1899
2511	643	l	1960
2512	1376	l	1950
2513	224	t	1891
2514	2421	l	1864
2515	2274	k	2004
2516	1448	t	1858
2517	224	l	1860
2518	826	t	1970
2519	2171	t	1970
2520	2888	l	1925
2521	2219	r	2016
2522	2084	l	1949
2523	224	r	1870
2524	2087	t	1900
2525	156	k	1995
2526	2794	l	1990
2527	1425	t	1998
2528	931	r	2016
2529	2462	t	1995
2530	31	l	1917
2531	3191	l	1858
2532	3224	l	1967
2533	1471	l	1837
2534	1923	l	1899
2535	247	t	1863
2536	27	l	1948
2537	1692	l	2004
2538	1164	l	1927
2539	2372	l	1901
2540	2302	l	1982
2541	835	l	1882
2542	100	t	1906
2543	661	t	1970
2544	1258	k	1990
2545	582	l	1889
2546	1156	t	1910
2547	560	l	1970
2548	1263	l	1973
2549	368	l	1844
2550	1703	t	1958
2551	627	r	1896
2552	1235	t	1970
2553	2216	t	1976
2554	2816	t	1993
2555	1050	t	1910
2556	2564	l	1871
2557	1829	r	2001
2558	3050	l	1995
2559	742	r	1934
2560	1773	r	1883
2561	2930	l	1877
2562	3158	l	1947
2563	2758	l	1935
2564	1252	t	1891
2565	596	t	1897
2566	2327	l	1831
2567	814	t	1843
2568	2847	r	2019
2569	3048	k	1993
2570	2703	l	1993
2571	1855	l	2019
2572	918	r	1995
2573	713	r	1830
2574	2516	t	1995
2575	2455	t	1903
2576	2975	r	1910
2577	1040	t	1879
2578	1237	t	1973
2579	2054	l	1973
2580	2530	l	1958
2581	3192	t	1988
2582	2059	l	1953
2583	852	l	1990
2584	1780	r	2016
2585	2579	l	1940
2586	1759	r	1914
2587	2973	t	2010
2588	1349	r	1990
2589	226	l	1993
2590	3047	l	1967
2591	1135	l	1908
2592	1096	t	1998
2593	1778	t	1998
2594	936	t	1915
2595	2256	t	1859
2596	2341	t	1964
2597	490	l	1976
2598	3091	k	1831
2599	1057	l	1877
2600	882	l	1835
2601	1733	l	1831
2602	2677	t	2004
2603	848	r	1973
2604	798	t	1998
2605	7	k	2016
2606	3097	l	1876
2607	1420	r	2010
2608	1997	r	1945
2609	2846	r	1867
2610	1452	r	1941
2611	500	l	2010
2612	2653	t	1973
2613	1768	t	1937
2614	3058	r	1926
2615	2184	l	1877
2616	1498	l	1861
2617	1913	t	1908
2618	36	l	1973
2619	2565	t	1858
2620	2209	k	1993
2621	352	t	1926
2622	871	r	1998
2623	2013	l	2001
2624	2378	r	1871
2625	74	l	1908
2626	119	l	1858
2627	1698	l	1889
2628	173	t	1885
2629	540	l	1982
2630	454	l	1976
2631	2291	l	1935
2632	1385	l	1902
2633	2694	r	2010
2634	2010	t	1988
2635	2128	k	1990
2636	2578	t	1906
2637	1126	r	1982
2638	2130	l	2013
2639	1774	r	1892
2640	1673	l	1845
2641	1253	r	1931
2642	1247	t	1926
2643	3204	t	2004
2644	2615	l	1982
2645	168	l	2019
2646	2793	l	1917
2647	1907	l	1844
2648	1360	l	1887
2649	1260	l	1840
2650	1289	t	1938
2651	467	t	1868
2652	544	l	1892
2653	1574	l	1876
2654	651	t	1902
2655	1196	l	1982
2656	301	t	2019
2657	2349	t	2013
2658	1631	r	1930
2659	258	t	1953
2660	3135	l	1960
2661	958	l	1867
2662	2396	k	1928
2663	2591	r	1982
2664	501	t	1872
2665	2413	t	1858
2666	753	l	1979
2667	2625	t	2016
2668	641	l	1836
2669	531	r	1884
2670	2470	t	1869
2671	1978	l	1987
2672	1433	l	1945
2673	190	r	1928
2674	692	l	1948
2675	3089	t	2001
2676	2511	r	1943
2677	1071	l	1982
2678	3115	r	1939
2679	1510	l	1885
2680	483	l	1993
2681	2888	r	1936
2682	1320	t	1998
2683	26	t	1879
2684	2880	l	1920
2685	1550	l	1945
2686	2365	l	1888
2687	1903	t	1988
2688	892	t	1873
2689	5	r	1949
2690	744	r	1830
2691	2629	l	2001
2692	872	r	1830
2693	1558	r	1958
2694	1202	l	1926
2695	1644	l	1961
2696	1727	t	1940
2697	1480	l	1872
2698	1694	l	1869
2699	2865	k	1995
2700	2700	r	1982
2701	2082	t	2007
2702	43	t	1970
2703	1954	l	1913
2704	2116	l	1922
2705	336	l	1911
2706	968	l	2013
2707	2003	l	1864
2708	2183	l	1945
2709	783	t	1831
2710	1541	r	2016
2711	2952	r	1928
2712	1008	k	2001
2713	2978	r	1976
2714	1165	r	2001
2715	2208	l	2001
2716	2070	r	1871
2717	752	l	1880
2718	1592	l	2007
2719	2902	l	1880
2720	2217	t	1998
2721	1129	t	1884
2722	3216	k	2016
2723	1013	r	1993
2724	3125	t	1929
2725	1315	l	2001
2726	2644	l	1918
2727	310	l	1990
2728	2698	t	1960
2729	219	t	1995
2730	820	l	1936
2731	880	l	1834
2732	1860	l	1941
2733	1472	t	2010
2734	760	t	1998
2735	1412	r	1946
2736	1221	r	1979
2737	503	t	1940
2738	2879	r	1954
2739	946	l	1905
2740	225	r	2007
2741	574	t	1846
2742	2045	l	1879
2743	1394	t	1961
2744	1808	k	2016
2745	2511	l	1936
2746	1790	l	1982
2747	1882	t	1937
2748	666	l	1870
2749	2092	t	1940
2750	1150	t	1881
2751	201	r	1964
2752	2108	l	2004
2753	2061	l	1941
2754	1146	l	1861
2755	238	l	1910
2756	2941	k	1937
2757	2434	l	1858
2758	1926	l	1924
2759	2271	l	1836
2760	2360	l	2019
2761	2844	l	1970
2762	25	t	2001
2763	289	t	1970
2764	1670	l	1973
2765	2429	r	1946
2766	114	t	1838
2767	859	r	1970
2768	2309	t	1858
2769	3033	l	1879
2770	2472	l	1956
2771	215	t	2019
2772	2272	t	1938
2773	1159	t	1976
2774	1345	l	2001
2775	61	r	1949
2776	823	r	1960
2777	313	r	1993
2778	399	t	2016
2779	1064	k	1998
2780	3070	r	1900
2781	1612	t	1881
2782	337	r	1858
2783	281	l	1846
2784	2956	t	1955
2785	144	l	1998
2786	901	r	2010
2787	651	r	1894
2788	2399	t	1887
2789	193	k	1998
2790	842	r	1985
2791	1669	t	1986
2792	268	k	1995
2793	2786	r	1940
2794	229	k	1990
2795	3149	r	2007
2796	650	k	2007
2797	973	l	1951
2798	3126	l	1861
2799	1919	l	1936
2800	1040	l	1858
2801	768	l	1939
2802	375	l	2016
2803	2833	l	1909
2804	1247	r	1910
2805	2106	l	1958
2806	743	r	1982
2807	334	r	1954
2808	1842	l	1868
2809	1128	k	2016
2810	875	l	2013
2811	911	l	1920
2812	788	r	1877
2813	860	r	1976
2814	1773	l	1867
2815	15	k	1998
2816	3005	t	1880
2817	3006	l	2019
2818	981	l	1993
2819	2957	r	1892
2820	1949	l	1905
2821	825	r	1985
2822	142	l	2019
2823	1429	r	1934
2824	1045	l	1908
2825	967	t	2019
2826	248	t	1976
2827	2325	k	2004
2828	811	l	1948
2829	538	k	1993
2830	621	r	1995
2831	1489	l	1998
2832	1689	t	1846
2833	2331	l	1965
2834	1372	l	1948
2835	340	t	1861
2836	1615	r	1955
2837	1384	r	1970
2838	1417	l	1916
2839	2020	r	1832
2840	419	t	1983
2841	3036	t	1979
2842	1368	k	1993
2843	663	l	2010
2844	1427	r	2001
2845	2126	t	1874
2846	2542	l	1998
2847	1000	k	2019
2848	2030	l	1832
2849	1373	l	2013
2850	2803	r	1939
2851	169	t	1910
2852	930	l	1973
2853	960	l	1844
2854	2724	l	1884
2855	3095	k	2001
2856	1509	k	1990
2857	3054	l	1907
2858	1396	l	1946
2859	1950	l	1940
2860	384	t	1899
2861	231	r	1956
2862	3094	r	1938
2863	2199	t	1973
2864	2447	t	1953
2865	786	r	1871
2866	1459	l	1998
2867	2668	l	1831
2868	2963	r	1945
2869	1971	l	1858
2870	1030	r	2004
2871	1376	r	1953
2872	380	t	1995
2873	734	l	1916
2874	2690	l	1904
2875	1222	l	1949
2876	1012	r	1830
2877	2110	l	1911
2878	513	t	1889
2879	2432	k	1993
2880	1534	l	1967
2881	2990	r	1993
2882	2440	k	1993
2883	3063	l	1943
2884	3003	l	1904
2885	1682	l	1837
2886	94	l	1858
2887	2768	t	1908
2888	677	r	1960
2889	2975	t	1933
2890	965	r	1987
2891	763	k	1890
2892	363	l	1837
2893	2330	t	1981
2894	1941	r	1924
2895	2644	r	1935
2896	2023	t	2019
2897	1777	r	1990
2898	100	r	1884
2899	2794	r	1998
2900	2326	l	2004
2901	471	t	1998
2902	326	t	1973
2903	90	r	2019
2904	330	l	1858
2905	781	t	1983
2906	2105	l	1861
2907	1999	r	1873
2908	1818	r	1995
2909	824	l	1910
2910	692	r	1970
2911	1465	l	1924
2912	456	l	1831
2913	652	l	1888
2914	149	t	1912
2915	2501	l	1874
2916	2519	r	2007
2917	2419	r	1901
2918	2792	l	1938
2919	963	l	1995
2920	1278	t	1986
2921	39	l	1965
2922	856	l	1979
2923	3022	l	1970
2924	2513	l	1995
2925	1965	l	1987
2926	3070	l	1886
2927	1700	l	1954
2928	858	l	1886
2929	1349	l	1985
2930	832	l	1858
2931	2435	l	1976
2932	2264	l	1973
2933	2431	l	1895
2934	1173	r	1995
2935	731	l	1908
2936	520	l	1832
2937	2094	t	1993
2938	891	k	1990
2939	1737	l	2010
2940	766	t	1939
2941	2355	r	2010
2942	838	l	1888
2943	1630	t	2004
2944	2029	t	1891
2945	2875	l	1839
2946	1501	k	1998
2947	2585	l	1867
2948	998	k	2016
2949	779	r	1867
2950	1136	t	1831
2951	2922	r	2016
2952	1307	l	1861
2953	3154	l	1970
2954	598	t	2019
2955	1561	l	1926
2956	406	l	2001
2957	328	l	1910
2958	271	t	1934
2959	841	l	1901
2960	1023	t	1933
2961	2957	l	1880
2962	1873	l	1942
2963	2760	r	1993
2964	3052	l	1903
2965	1230	l	1858
2966	2991	r	2013
2967	2180	k	2004
2968	1776	k	2007
2969	2097	l	1925
2970	1201	t	1832
2971	3017	r	1910
2972	3154	r	1979
2973	3108	k	2010
2974	2114	r	1990
2975	3077	l	2001
2976	1322	r	1985
2977	272	r	1991
2978	735	t	1861
2979	2606	t	1986
2980	562	l	1962
2981	432	t	2010
2982	1255	k	1990
2983	76	l	1970
2984	434	r	1998
2985	2959	r	2013
2986	2444	l	1847
2987	526	r	1946
2988	2414	r	1995
2989	1967	t	1912
2990	1495	r	1933
2991	2878	t	1920
2992	3067	t	1983
2993	2204	k	2004
2994	1493	t	1973
2995	296	k	1998
2996	1018	t	1967
2997	659	l	1832
2998	1107	t	1911
2999	1603	l	1858
3000	2949	t	1990
3001	1884	t	1835
3002	2076	t	1964
3003	1051	l	1892
3004	1820	r	1949
3005	491	l	1901
3006	611	r	1936
3007	2593	t	2010
3008	985	l	1979
3009	2515	t	1970
3010	2678	t	1965
3011	647	l	1934
3012	1806	l	1832
3013	261	t	2007
3014	3148	t	2004
3015	1713	l	1878
3016	2493	r	1904
3017	1725	r	1841
3018	2736	t	1859
3019	2555	t	2004
3020	923	t	1858
3021	1865	r	1985
3022	988	l	1922
3023	1299	t	1867
3024	1597	l	1946
3025	2433	t	1934
3026	1659	l	1949
3027	2442	l	1898
3028	2510	l	1973
3029	2624	t	1945
3030	458	r	1942
3031	233	r	2019
3032	784	l	1946
3033	3101	r	1953
3034	532	t	1903
3035	2239	l	2010
3036	1189	l	1982
3037	449	r	2007
3038	1117	l	1943
3039	2724	r	1896
3040	2759	r	1926
3041	2637	l	1863
3042	730	r	1995
3043	1401	r	2010
3044	158	t	1839
3045	1379	l	1982
3046	2246	t	1903
3047	996	l	1953
3048	1876	r	1976
3049	1313	r	1993
3050	2079	r	2010
3051	2164	r	2019
3052	2539	l	1922
3053	1246	l	2016
3054	2650	l	2010
3055	3200	t	2010
3056	649	t	1935
3057	1013	l	1990
3058	2385	t	1875
3059	638	l	1982
3060	1272	l	1970
3061	1725	l	1839
3062	504	t	1940
3063	2430	k	1995
3064	1227	l	1973
3065	1261	l	1863
3066	1381	l	2010
3067	2179	l	1948
3068	1167	l	1948
3069	1956	t	1914
3070	1519	t	2004
3071	2444	r	1858
3072	3098	l	1948
3073	1802	r	1987
3074	1606	t	1873
3075	2753	r	1998
3076	2609	l	1903
3077	3178	r	1976
3078	1702	t	1883
3079	1265	l	1935
3080	1120	k	2013
3081	1815	l	1938
3082	2002	l	1987
3083	2281	l	1873
3084	362	l	2019
3085	333	l	2007
3086	1875	l	1945
3087	2459	t	1868
3088	921	t	2004
3089	411	t	1881
3090	2027	r	1976
3091	1267	t	1979
3092	2921	t	1940
3093	263	l	1987
3094	2453	t	1913
3095	1453	l	2019
3096	1733	r	1832
3097	1731	l	1954
3098	2512	l	1841
3099	259	t	1871
3100	2883	t	1970
3101	2362	l	1858
3102	1576	r	1858
3103	2729	r	1838
3104	1885	t	1973
3105	1543	l	1938
3106	2971	t	1888
3107	93	l	1998
3108	1340	t	1832
3109	223	t	1858
3110	2323	l	1839
3111	2697	r	1922
3112	172	r	2004
3113	2620	t	1906
3114	218	k	1998
3115	1298	r	1886
3116	2448	k	1871
3117	572	r	1990
3118	2594	r	1990
3119	2075	k	1858
3120	227	r	2010
3121	1944	l	1918
3122	1987	l	1913
3123	1662	l	1832
3124	2080	l	1876
3125	2141	r	2001
3126	1682	r	1838
3127	2573	r	1923
3128	1054	k	1990
3129	3020	l	1985
3130	2830	r	1995
3131	2182	r	1941
3132	1029	t	1970
3133	913	r	1840
3134	3179	k	1993
3135	604	t	1893
3136	16	r	1976
3137	2426	l	2019
3138	2789	t	2001
3139	2689	l	1871
3140	318	r	1993
3141	656	t	1858
3142	3171	k	1990
3143	82	t	1953
3144	2366	t	1906
3145	1979	l	1860
3146	1428	l	1860
3147	2830	l	1987
3148	1264	k	2010
3149	1173	l	1990
3150	3085	r	1979
3151	1968	l	1864
3152	2899	t	1893
3153	612	l	1861
3154	2387	l	1861
3155	2881	t	1863
3156	1329	t	1995
3157	850	l	1961
3158	192	l	1942
3159	1322	l	1976
3160	2370	t	1877
3161	2863	l	1858
3162	3048	l	2004
3163	299	r	1950
3164	1817	t	1939
3165	2537	r	1838
3166	1695	l	1858
3167	161	t	1867
3168	309	l	1832
3169	2487	r	1993
3170	3159	r	1979
3171	2710	r	1990
3172	565	k	2016
3173	1996	l	2004
3174	746	k	2013
3175	1828	l	1838
3176	2151	r	2007
3177	2198	l	1834
3178	3184	r	2013
3179	3105	l	1919
3180	1350	r	1960
3181	286	l	1993
3182	2096	t	1940
3183	264	l	1859
3184	1912	t	1976
3185	283	r	1853
3186	2819	t	2001
3187	2983	l	1838
3188	1335	t	1939
3189	2670	r	1949
3190	2047	r	2007
3191	80	l	1884
3192	1929	l	1918
3193	1685	k	2007
3194	2834	l	1954
3195	220	r	1991
3196	277	l	1930
3197	97	r	1953
3198	784	r	1947
3199	1866	r	1891
3200	1137	l	1833
3201	2731	l	2019
3202	1787	r	1936
3203	444	r	1967
3204	2562	r	2004
3205	2	t	1973
3206	3199	l	1976
3207	2890	r	1964
3208	1653	t	1908
3209	1746	k	1998
3210	2673	l	1931
3211	727	l	1835
3212	1816	t	1998
3213	1363	l	1832
3214	2798	r	1950
3215	2981	t	1965
3216	2577	l	2004
3217	1199	r	1995
3218	2805	l	1836
3219	2248	t	2001
3220	1443	t	1878
3221	377	t	1858
3222	1344	t	1833
3223	3069	l	1902
3224	2208	r	2007
3225	2507	t	1922
3226	1679	l	1970
3227	2418	l	1949
3228	1706	r	2019
3229	3038	l	1836
3230	868	r	1985
3231	1851	l	1954
3232	3211	t	1838
3233	2185	k	2019
3234	562	r	1973
3235	98	t	1976
3236	2055	l	1927
3237	1937	l	1993
3239	530	t	1970
3240	158	l	1835
3241	3111	t	1998
3242	2373	r	2019
3243	2845	l	1942
3244	2329	l	1902
3245	773	r	1904
3246	1139	k	1998
3247	609	l	1909
3248	2032	l	1990
3249	2796	l	1878
3250	1165	l	1993
3251	209	l	1831
3252	1271	t	1878
3253	1386	r	2010
3254	811	r	1970
3255	2317	l	1987
3256	1268	l	1923
3257	1259	l	1990
3258	2007	t	2001
3259	908	r	1941
3260	94	r	1898
3261	1863	l	1973
3262	346	l	1843
3263	3079	l	1945
3264	1406	l	2007
3265	2751	l	1914
3266	1605	r	1902
3267	242	t	1858
3268	2761	l	1876
3269	2544	t	1995
3270	1559	r	1874
3271	2937	t	1953
3272	2263	r	1979
3273	3078	t	1927
3274	68	r	2016
3275	2117	l	1945
3276	2822	k	1995
3277	1109	l	1973
3278	433	l	1868
3279	587	t	1925
3280	2712	l	1937
3281	2897	t	1983
3282	3096	t	1930
3283	2821	r	1940
3284	2115	t	1898
3285	912	t	1909
3286	2402	l	1858
3287	28	t	1872
3288	236	r	2010
3289	1514	l	1973
3290	1445	l	1861
3291	2487	l	1985
3292	1861	t	1929
3293	1697	t	1983
3294	2152	r	1917
3295	2096	r	1932
3296	3040	r	1958
3297	548	l	1995
3298	3215	r	1993
3299	1540	k	1834
3300	226	r	2001
3301	1492	l	1874
3302	1617	l	1902
3303	2131	l	1973
3304	74	t	1945
3305	2610	r	2013
3306	2782	l	1843
3307	3213	r	1858
3308	1415	r	2007
3309	519	l	2010
3310	947	t	1940
3311	1942	t	2010
3312	3188	k	1990
3313	130	t	1864
3314	361	t	1858
3315	3087	k	2007
3316	2401	r	1985
3317	452	l	1970
3318	725	r	2001
3319	1040	r	1858
3320	3130	t	1949
3321	2577	r	2013
3322	625	l	1993
3323	103	t	2016
3324	1199	l	1987
3325	599	l	1839
3326	3051	k	2004
3327	2456	l	1964
3328	1824	r	2007
3329	1081	l	2001
3330	2181	t	1939
3331	1106	t	1986
3332	496	t	1958
3333	507	l	1949
3334	1649	t	1976
3335	1090	k	2010
3336	491	r	1920
3337	2334	t	1935
3338	2050	l	1979
3339	924	t	1946
3340	1821	l	1858
3341	2850	l	1950
3342	2161	r	1934
3343	295	r	1995
3344	3193	r	1995
3345	2959	l	2007
3346	2053	t	1903
3347	1488	t	2016
3348	1327	l	1993
3349	2103	r	1945
3350	1444	k	1995
3351	1077	r	1993
3352	1043	t	1970
3353	1287	t	1930
3354	2044	r	2007
3355	940	r	1873
3356	1532	r	2019
3357	2355	l	2004
3358	450	r	1889
3359	364	l	1976
3360	1774	l	1883
3361	1791	t	2010
3362	2403	l	2001
3363	2590	l	1858
3364	1892	t	1858
3365	2436	t	1878
3366	3040	l	1954
3367	70	t	1990
3368	2016	r	2001
3369	2954	t	1979
3370	2705	k	1995
3371	1722	r	1931
3372	2988	k	1928
3373	2117	r	1947
3374	2562	l	1995
3375	2441	l	1942
3376	1119	l	2001
3377	1032	l	2019
3378	2841	r	1993
3379	1338	l	1945
3380	353	k	1995
3381	540	r	1990
3382	1792	r	1917
3383	747	t	1955
3384	2191	l	1858
3385	2042	r	1919
3386	2124	t	2013
3387	145	l	1938
3388	1891	r	1830
3389	1198	t	1990
3390	1497	t	1831
3391	1799	l	1923
3392	2509	l	1937
3393	2353	t	1899
3394	385	k	1990
3395	950	t	1976
3396	1130	k	1990
3397	2235	t	2016
3398	1231	t	1998
3399	2920	r	2016
3400	957	t	1986
3401	519	r	2016
3402	2228	r	1893
3403	1651	k	2019
3404	2741	r	1830
3405	585	t	1858
3406	802	l	1961
3407	505	r	1941
3408	3103	l	1998
3409	1915	l	1945
3410	1441	t	1929
3411	904	r	2007
3412	757	l	1832
3413	585	l	1839
3414	2172	r	1907
3415	664	t	1986
3416	1415	l	2001
3417	2326	r	2010
3418	109	l	2016
3419	985	r	1987
3420	2943	t	1892
3421	370	r	1979
3422	1908	l	1939
3423	2622	l	1905
3424	1119	r	2007
3425	902	k	1998
3426	1955	r	2004
3427	593	l	1946
3428	989	r	2013
3429	3030	l	1910
3430	1983	k	2013
3431	2656	t	1858
3432	381	r	1990
3433	1239	l	1982
3434	2494	l	1993
3435	1931	t	1993
3436	1933	t	1973
3437	2711	l	1958
3438	1671	l	1948
3439	1182	l	1924
3440	608	t	2004
3441	2149	l	1922
3442	2714	t	1923
3443	2292	r	1995
3444	1977	t	2007
3445	780	t	1894
3446	696	l	1993
3447	1392	k	2007
3448	3084	l	1942
3449	2143	t	1899
3450	1717	l	1833
3451	1924	l	1847
3452	1857	t	1955
3453	331	t	2004
3454	2862	l	1942
3455	620	r	1976
3456	1599	l	1939
3457	3214	t	1847
3458	3037	t	1888
3459	1251	t	1880
3460	2951	l	1899
3461	1312	l	1840
3462	1982	l	1864
3463	1668	t	1993
3464	2118	k	2010
3465	1768	r	1907
3466	2695	l	1976
3467	1348	t	1990
3468	250	t	1927
3469	2755	t	1988
3470	1294	l	1990
3471	495	t	1876
3472	2950	l	1929
3473	2090	l	1973
3474	3147	r	1976
3475	1082	k	2016
3476	2104	l	1899
3477	2107	t	1858
3478	2145	t	1995
3479	1422	l	1837
3480	1655	r	2007
3481	1020	l	1956
3482	1569	t	1901
3483	1477	l	1884
3484	1203	r	2010
3485	3223	l	1927
3486	611	t	1943
3487	2917	k	2019
3488	1992	k	2013
3489	1042	l	1922
3490	597	l	1998
3491	643	r	1982
3492	466	t	1900
3493	2275	r	1830
3494	630	r	2016
3495	2966	l	1993
3496	724	t	2001
3497	2930	r	1894
3498	146	l	1937
3499	990	l	1858
3500	157	t	1986
3501	2088	t	1918
3502	186	t	1831
3503	3072	l	1965
3504	1928	k	2001
3505	2699	l	1948
3506	1953	l	1896
3507	1989	l	1990
3508	351	l	1938
3509	729	t	1995
3510	842	l	1973
3511	2460	k	2019
3512	404	l	1896
3513	391	t	1986
3514	1744	l	1845
3515	405	r	1943
3516	2039	k	2019
3517	274	t	1879
3518	2700	l	1976
3519	1147	t	2007
3520	1870	t	1990
3521	2528	t	1911
3522	2826	r	1970
3523	671	k	2013
3524	2212	t	1880
3525	2027	l	1970
3526	1654	l	1913
3527	2795	t	2001
3528	1432	k	2004
3529	2095	t	1983
3530	2025	t	1871
3531	1839	l	1832
3532	699	r	2010
3533	1988	t	1873
3534	1218	r	2019
3535	115	r	1976
3536	1419	t	1872
3537	528	r	1985
3538	1691	r	1863
3539	76	r	1976
3540	1823	t	1979
3541	2102	t	1834
3542	822	l	1995
3543	1815	r	1943
3544	2527	k	1938
3545	2226	t	2010
3546	2408	l	1875
3547	2364	l	1832
3548	2238	t	1995
3549	89	t	1870
3550	287	l	1930
3551	2984	l	1892
3552	216	l	1894
3553	2901	t	1872
3554	1386	l	2004
3555	3012	r	1990
3556	2116	r	1934
3557	831	l	1893
3558	97	l	1951
3559	2165	t	1980
3560	133	t	1998
3561	313	l	1985
3562	2720	l	1982
3563	1589	t	2010
3564	14	l	2004
3565	2842	t	1858
3566	2737	t	2004
3567	116	t	1927
3568	804	r	1970
3569	2304	l	1870
3570	2098	r	1982
3571	903	l	1846
3572	1830	t	2001
3573	1223	l	1970
3574	396	l	2016
3575	875	r	2019
3576	3151	r	1872
3577	3206	r	1990
3578	177	r	2013
3579	1402	l	1833
3580	1362	r	1998
3581	2205	t	1832
3582	1539	t	1878
3583	354	l	1923
3584	1214	l	2016
3585	3196	l	1836
3586	2225	r	2010
3587	3168	t	1899
3588	675	t	2001
3589	642	l	2019
3590	697	l	1888
3591	601	k	1993
3592	2763	l	1965
3593	1215	r	1945
3594	2063	r	1985
3595	1878	r	1918
3596	2607	l	1970
3597	343	k	2010
3598	2160	r	1990
3599	2912	l	1934
3600	252	t	1914
3601	2198	t	1865
3602	363	r	1858
3603	2120	r	1979
3604	1030	l	1998
3605	1883	l	2001
3606	3184	l	2007
3607	890	l	1832
3608	3131	l	1874
3609	332	r	1948
3610	767	r	1998
3611	1077	l	1987
3612	2232	t	1931
3613	2918	l	1998
3614	3106	t	1914
3615	427	t	1858
3616	2810	l	1908
3617	776	l	1950
3618	392	k	1998
3619	795	r	1832
3620	3190	t	1893
3621	1943	t	1858
3622	315	l	1833
3623	2310	t	2007
3624	2541	r	1990
3625	132	r	1835
3626	905	r	1911
3627	1308	r	1939
3628	2294	l	1913
3629	1375	r	1995
3630	1958	r	1894
3631	2666	t	1932
3632	2374	t	2013
3633	2206	r	2004
3634	400	t	1832
3635	442	r	2007
3636	1481	k	2004
3637	537	l	1987
3638	137	t	1958
3639	1761	t	2019
3640	1210	t	1937
3641	2250	l	1858
3642	810	k	2016
3643	1478	r	1993
3644	730	l	1990
3645	2529	t	1915
3646	914	t	2010
3647	2671	t	1998
3648	1527	t	1873
3649	397	r	1909
3650	920	l	1840
3651	2754	r	1927
3652	171	t	1940
3653	2740	l	1998
3654	1192	l	1954
3655	680	l	1831
3656	413	l	1967
3657	2270	r	1894
3658	2259	t	1976
3659	3100	l	1990
3660	1127	t	1939
3661	932	r	1895
3662	1680	t	2013
3663	2872	t	1990
3664	462	r	2001
3665	2237	l	1888
3666	2884	t	1844
3667	2970	r	1985
3668	1442	t	1945
3669	1172	l	1908
3670	2619	r	1947
3671	2536	r	1973
3672	1803	k	2007
3673	2867	k	1995
3674	2962	t	1986
3675	3107	t	1986
3676	347	l	1894
3677	509	l	2007
3678	263	r	1995
3679	2060	l	1961
3680	2368	t	1858
3681	120	l	1918
3682	2922	l	2010
3683	2045	r	1893
3684	2369	l	1909
3685	56	l	1838
3686	50	t	1979
3687	3020	r	1993
3688	1421	r	2004
3689	293	r	1865
3690	2443	l	1833
3691	1656	r	1872
3692	591	k	1998
3693	2919	r	1993
3694	2190	t	1948
3695	92	l	1894
3696	1197	l	1976
3697	619	l	2007
3698	1666	l	1945
3699	1736	l	1949
3700	699	l	2004
3701	499	l	1979
3702	2773	k	2004
3703	931	l	2010
3704	955	l	1859
3705	1325	r	1921
3706	1650	r	1993
3707	21	l	2004
3708	410	t	1902
3709	689	l	1998
3710	2798	l	1949
3711	1341	l	2010
3712	2571	t	1865
3713	2089	l	1891
3714	549	r	1879
3715	1109	r	1985
3716	1537	l	1945
3717	2735	l	1927
3718	2359	r	1987
3719	2308	r	1867
3720	712	l	1915
3721	1593	l	1926
3722	1304	l	1995
3723	167	l	1861
3724	2843	l	1919
3725	1116	k	2010
3726	2999	l	1832
3727	700	t	1934
3728	2980	l	1965
3729	1631	l	1909
3730	2070	l	1860
3731	2155	l	1976
3732	1266	t	1988
3733	2852	l	1970
3734	1645	r	1887
3735	953	t	1998
3736	2892	l	1985
3737	1024	l	1948
3738	2877	t	1843
3739	2249	r	1979
3740	1311	k	2016
3741	1289	r	1926
3742	151	l	1962
3743	2996	t	1873
3744	1741	l	1985
3745	546	t	1998
3746	2809	t	1917
3747	1659	r	1965
3748	879	l	2007
3749	2660	k	2004
3750	490	r	1982
3751	3119	k	2019
3752	1283	t	1958
3753	2020	l	1831
3754	723	t	1911
3755	1072	t	1958
3756	1568	k	2019
3757	483	r	1998
3758	395	t	2007
3759	1517	l	2019
3760	618	l	1945
3761	2376	t	2007
3762	427	l	1843
3763	1693	r	2019
3764	1282	l	1905
3765	1155	l	1947
3766	86	t	1930
3767	195	t	1993
3768	409	l	1886
3769	2640	l	1973
3770	3226	r	1932
3771	578	l	1858
3772	691	t	1973
3773	2169	r	1926
3774	2457	r	2007
3775	2958	l	1897
3776	3158	r	1949
3777	1304	r	2001
3778	795	l	1832
3779	1326	r	1990
3780	791	r	1979
3781	1708	r	1964
3782	2871	t	1833
3783	108	l	1839
3784	1079	t	1979
3785	1715	t	2019
3786	2377	l	1898
3787	932	l	1883
3788	1314	r	1942
3789	2742	t	1846
3790	184	l	1934
3791	758	t	1904
3792	1241	l	1833
3793	769	t	1858
3794	312	k	2004
3795	2018	t	2013
3796	1752	t	1976
3797	1495	l	1910
3798	1580	t	1979
3799	2574	l	1990
3800	1490	l	1953
3801	2940	l	1861
3802	2911	l	1941
3803	2077	r	1955
3804	1692	r	2010
3805	1893	l	1932
3806	1275	t	1967
3807	2267	l	1970
3808	3182	r	2004
3809	592	l	1929
3810	1435	t	1896
3811	276	r	2007
3812	21	r	2010
3813	2994	l	2013
3814	3003	t	1940
3815	1836	l	1910
3816	442	l	2001
3817	17	k	1998
3818	1212	k	2001
3819	1536	l	1945
3820	1339	t	1911
3821	972	l	1881
3822	893	t	1983
3823	2952	l	1916
3824	1804	t	2007
3825	637	t	1886
3826	3086	l	2019
3827	881	t	1847
3828	1521	k	2001
3829	1303	r	2004
3830	2412	k	2001
3831	1745	k	2007
3832	1133	l	1948
3833	45	t	1988
3834	745	l	1898
3835	881	r	1830
3836	2786	l	1927
3837	1863	r	1982
3838	2853	r	2010
3839	3156	t	1970
3840	1094	k	1993
3841	2898	r	1990
3842	1604	l	1973
3843	1512	l	1859
3844	51	l	1872
3845	949	t	1831
3846	3205	t	1993
3847	1209	t	2001
3848	2985	r	1990
3849	2929	l	1955
3850	2465	l	1973
3851	2978	l	1949
3852	2342	t	1894
3853	1143	l	2004
3854	18	l	1949
3855	1847	r	1946
3856	1500	l	1868
3857	948	l	1947
3858	3001	t	1900
3859	3074	l	1923
3860	2054	r	1982
3861	568	r	1998
3862	1739	l	1864
3863	2846	l	1858
3864	2319	l	1858
3865	225	l	2001
3866	1073	l	1884
3867	817	t	1988
3868	408	l	2007
3869	879	r	2013
3870	1323	t	1940
3871	1525	l	1979
3872	1080	r	1920
3873	2040	t	1945
3874	1743	r	1991
3875	2991	l	2007
3876	2504	l	1985
3877	1601	r	1982
3878	1269	r	2016
3879	1702	l	1867
3880	1587	l	1939
3881	1508	r	1834
3882	2998	t	1900
3883	822	r	2001
3884	2704	t	2001
3885	1393	l	2016
3886	1111	l	1993
3887	3187	r	1979
3888	2302	r	1987
3889	2851	t	1858
3890	2394	l	1930
3891	1112	l	1919
3892	2769	l	1893
3893	2416	t	1903
3894	166	l	1872
3895	367	l	1832
3896	2747	t	1917
3897	460	r	1961
3898	270	t	1915
3899	1390	t	1939
3900	481	t	2004
3901	2630	r	1973
3902	952	l	2004
3903	1207	t	1967
3904	1962	t	1858
3905	2339	l	1945
3906	147	t	1976
3907	1911	l	1922
3908	153	l	1831
3909	3009	l	1967
3910	118	k	1995
3911	716	t	1988
3912	3061	k	2013
3913	523	t	1998
3914	2975	l	1893
3915	829	t	1860
3916	2154	r	2007
3917	2097	r	1938
3918	2905	l	1831
3919	836	t	1988
3920	550	l	1906
3921	198	t	2001
3922	2727	r	2019
3923	2474	k	1998
3924	311	k	1995
3925	927	l	1949
3926	141	r	1990
3927	1153	l	1865
3928	604	l	1860
3929	3014	r	1899
3930	1634	r	2001
3931	1356	r	1982
3932	455	l	1838
3933	3043	l	1835
3934	402	r	1945
3935	2657	k	2004
3936	2616	l	1883
3937	2122	l	1902
3938	423	t	1872
3939	629	t	1860
3940	2485	r	1832
3941	1447	t	2016
3942	3169	t	1926
3943	3150	l	1979
3944	2328	t	1973
3945	2787	t	1831
3946	1313	l	1985
3947	2324	l	2019
3948	1981	t	1833
3949	1705	l	1948
3950	1556	t	1880
3951	2297	l	1945
3952	435	r	1931
3953	2716	l	1982
3954	1929	r	1929
3955	2557	r	1890
3956	1191	t	1906
3957	787	l	1998
3958	416	t	1860
3959	2801	t	1986
3960	359	l	1836
3961	2814	r	1973
3962	2382	r	1840
3963	551	l	1884
3964	2422	l	1889
3965	2783	t	1979
3966	167	r	1876
3967	801	l	1834
3968	1456	l	1878
3969	1894	l	1858
3970	2241	l	1948
3971	971	t	2001
3972	1667	l	1832
3973	1047	r	2016
3974	1664	t	1993
3975	708	k	1990
3976	349	k	1995
3977	823	l	1949
3978	677	l	1953
3979	2210	t	1831
3980	2744	l	1932
3981	2803	l	1928
3982	1796	l	2010
3983	2727	l	2013
3984	369	l	1965
3985	487	l	1995
3986	2280	l	2001
3987	2026	r	1962
3988	815	t	2019
3989	2014	t	1904
3990	557	r	1976
3991	896	k	1993
3992	2868	t	1973
3993	1754	l	2004
3994	2878	l	1901
3995	1321	l	1834
3996	1858	l	2016
3997	2757	t	2019
3998	2884	l	1831
3999	1954	r	1923
4000	2178	l	1960
4001	2895	t	1899
4002	2314	l	1891
4003	3162	l	1901
4004	1487	l	1995
4005	2502	l	2004
4006	2522	t	1882
4007	1056	t	1988
4008	1378	l	1943
4009	2367	t	1979
4010	3217	k	1998
4011	2427	l	1905
4012	1171	l	1941
4013	2861	l	1990
4014	682	l	1898
4015	1809	l	1861
4016	580	t	1976
4017	1429	l	1921
4018	3131	t	1914
4019	1895	k	2013
4020	2122	r	1937
4021	733	k	1995
4022	1176	t	2007
4023	2714	l	1892
4024	2989	l	1990
4025	1529	l	1970
4026	2492	l	1948
4027	2288	l	1838
4028	623	r	1830
4029	2203	r	1958
4030	1972	k	1993
4031	2754	l	1906
4032	2423	l	1985
4033	722	t	1940
4034	717	l	1946
4035	1016	l	1949
4036	945	l	1914
4037	954	l	1979
4038	2347	t	1864
4039	3029	t	2010
4040	2477	t	1835
4041	1202	r	1936
4042	90	l	2013
4043	1960	l	1976
4044	1162	k	1859
4045	287	r	1942
4046	808	t	1902
4047	1812	t	1998
4048	2844	r	1979
4049	1195	t	1831
4050	257	l	2019
4051	792	l	1933
4052	2898	l	1985
4053	2514	t	1934
4054	2452	l	2001
4055	3113	t	1847
4056	876	l	1924
4057	848	l	1947
4058	1927	l	1954
4059	189	k	2001
4060	2184	r	1894
4061	2424	l	1915
4062	1769	l	1835
4063	2186	t	1979
4064	793	l	2016
4065	638	r	1990
4066	2361	r	1933
4067	1461	r	1838
4068	288	t	1924
4069	179	t	1899
4070	2437	l	1993
4071	2333	l	1932
4072	487	r	2001
4073	2836	l	1923
4074	1484	r	1941
4075	2572	l	1998
4076	2031	l	1946
4077	304	t	1998
4078	2804	r	1967
4079	569	r	2016
4080	2977	l	1970
4081	646	r	2007
4082	1366	r	1979
4083	2670	l	1942
4084	2142	l	1909
4085	1366	l	1973
4086	1711	t	1921
4087	2589	t	1936
4088	1748	l	1995
4089	2383	l	2007
4090	476	t	2013
4091	2519	l	2001
4092	1598	l	1993
4093	2428	t	1846
4094	1181	l	1902
4095	954	r	1985
4096	2419	t	1920
4097	1163	l	1908
4098	1160	l	2007
4099	1388	l	1872
4100	2654	l	1990
4101	1400	l	1935
4102	2414	l	1987
4103	2042	l	1879
4104	37	r	1830
4105	3229	r	1950
4106	1384	l	1954
4107	167	t	1917
4108	107	r	2007
4109	64	l	1895
4110	1391	k	1993
4111	2756	t	1930
4112	803	t	1922
4113	2643	t	1876
4114	2193	l	1920
4115	2155	r	1982
4116	2597	l	1990
4117	2870	l	1899
4118	1840	r	1961
4119	315	r	1839
4120	2827	l	2004
4121	1766	l	2019
4122	1736	r	1950
4123	843	r	1970
4124	2270	l	1890
4125	1505	t	2013
4126	1028	t	1926
4127	2200	l	1911
4128	2138	l	1863
4129	2410	l	1859
4130	3042	l	1970
4131	3181	r	2013
4132	284	t	1976
4133	169	l	1888
4134	3077	r	2010
4135	874	t	1976
4136	508	l	1970
4137	617	l	1979
4138	2386	t	1881
4139	2745	r	1995
4140	2229	l	1909
4141	2144	t	2019
4142	1566	t	1973
4143	886	l	1896
4144	1602	t	1880
4145	1610	l	1925
4146	3209	r	1905
4147	3165	r	2004
4148	1676	r	2001
4149	1876	l	1964
4150	1342	l	1970
4151	2388	t	1894
4152	141	l	1985
4153	1896	t	1914
4154	2812	t	1976
4155	3012	l	1985
4156	1625	l	1932
4157	1324	k	2007
4158	2282	r	1998
4159	898	l	1912
4160	2633	l	1958
4161	2886	t	1833
4162	73	l	1934
4163	797	t	1858
4164	2738	t	1945
4165	1729	r	2019
4166	531	l	1877
4167	1706	l	2013
4168	1438	t	1925
4169	847	l	1845
4170	1318	r	1938
4171	1422	k	1858
4172	2800	t	1921
4173	309	r	1837
4174	1819	l	1940
4175	959	t	1847
4176	2586	t	2013
4177	2894	t	2010
4178	1015	r	1993
4179	2680	l	1916
4180	1665	t	1983
4181	233	l	2013
4182	101	t	1993
4183	1383	t	1858
4184	1705	r	1953
4185	1690	t	1973
4186	512	t	1913
4187	2467	l	2019
4188	2573	l	1912
4189	2174	l	1837
4190	87	k	1885
4191	1033	r	1998
4192	204	l	1951
4193	365	l	1990
4194	2832	r	2001
4195	924	l	1923
4196	3112	l	1846
4197	2575	k	1993
4198	335	k	2004
4199	1180	l	1870
4200	49	t	2004
4201	2628	r	1873
4202	2672	l	1935
4203	355	l	1935
4204	2149	r	1935
4205	415	t	1831
4206	1639	l	1951
4207	238	r	1924
4208	2292	l	1990
4209	804	l	1962
4210	1052	l	1858
4211	2250	t	1883
4212	2845	r	1945
4213	2762	t	1876
4214	456	r	1836
4215	1609	l	1946
4216	1185	l	1982
4217	121	r	2001
4218	1906	k	2013
4219	10	l	1847
4220	556	r	1979
4221	2659	k	1995
4222	683	t	1995
4223	2281	r	1884
4224	1800	r	1976
4225	689	r	2004
4226	603	r	2016
4227	1970	r	2016
4228	1583	t	1878
4229	1594	r	1902
4230	1430	l	1936
4231	555	k	2001
4232	1071	r	1998
4233	3123	l	1896
4234	3103	r	2004
4235	3201	l	1990
4236	919	l	1998
4237	518	k	2001
4238	431	k	1998
4239	2072	k	1995
4240	2211	r	1995
4241	2348	l	2004
4242	2419	l	1888
4243	2004	t	1931
4244	2847	l	2013
4245	2725	t	1902
4246	1471	r	1838
4247	1844	l	1888
4248	1439	t	1935
4249	1365	l	1863
4250	46	r	2013
4251	55	l	1985
4252	3166	l	1896
4253	303	t	1998
4254	2617	l	1945
4255	1325	l	1910
4256	1595	t	1831
4257	887	t	1973
4258	645	t	1914
4259	1995	l	1990
4260	210	r	1920
4261	207	r	2019
4262	125	l	2016
4263	2910	l	1982
4264	2253	r	2019
4265	1100	r	1976
4266	69	t	1887
4267	2831	t	1940
4268	3101	l	1948
4269	2926	l	1880
4270	2669	l	1995
4271	2503	l	1932
4272	338	r	1947
4273	1696	r	1891
4274	2513	r	2001
4275	2188	t	1858
4276	2791	l	1882
4277	969	l	1918
4278	1141	r	1990
4279	2889	t	2004
4280	1427	l	1995
4281	344	l	1902
4282	1872	l	1948
4283	1650	l	1987
4284	2016	l	1995
4285	863	t	1993
4286	2953	t	1858
4287	2106	r	1976
4288	1339	r	1889
4289	18	r	1954
4290	2390	k	1990
4291	938	t	1865
4292	1935	l	1845
4293	867	t	1884
4294	1641	t	2010
4295	443	k	2007
4296	577	l	1921
4297	2379	t	1902
4298	2784	r	2001
4299	1143	r	2013
4300	636	l	1832
4301	628	l	1995
4302	927	r	1950
4303	3055	t	1888
4304	1068	t	1873
4305	2405	l	1832
4306	942	k	1995
4307	964	l	1913
4308	1577	k	2019
4309	1914	l	1990
4310	2733	l	1998
4311	1969	l	1933
