vtid	telepid
38	1
65	1
32	2
104	3
167	4
49	4
2	5
50	6
8	7
40	8
135	8
1	9
16	10
56	11
8	12
51	13
35	14
18	15
136	16
2	17
15	18
4	19
10	20
22	21
9	22
129	23
184	23
8	24
9	25
10	26
23	27
47	28
44	29
7	30
13	30
52	31
42	32
2	33
19	34
4	35
54	35
55	36
2	37
2	38
17	39
18	40
16	41
4	42
10	43
11	44
32	45
28	46
28	47
34	48
99	49
111	49
28	50
35	51
57	52
5	53
2	54
2	55
2	56
2	57
2	58
143	59
2	60
59	60
2	61
2	62
60	63
2	64
2	65
2	66
2	67
2	68
2	69
7	70
27	71
4	72
41	73
120	73
11	74
72	75
6	76
4	77
48	78
21	79
2	80
4	81
4	82
30	83
138	83
61	84
62	84
98	84
9	85
11	86
9	87
9	88
3	89
64	89
4	90
9	91
41	92
41	93
11	94
11	95
66	95
5	96
4	97
19	98
26	99
42	100
11	101
9	102
15	103
19	104
8	105
32	106
46	107
45	108
45	109
67	109
1	110
1	111
4	112
11	113
47	114
4	115
27	116
44	117
5	118
41	119
25	120
47	121
12	122
15	123
68	123
34	124
6	125
48	126
9	127
14	128
5	129
70	129
14	130
14	131
69	132
71	132
102	132
108	132
116	132
150	132
178	132
8	133
8	134
22	135
143	136
32	137
44	138
3	139
3	140
180	141
25	142
15	143
73	144
74	145
36	146
26	147
4	148
168	149
169	149
6	150
41	151
10	152
46	153
46	154
9	155
35	156
9	157
41	158
75	159
26	160
153	161
8	162
127	162
3	163
3	164
22	165
32	166
44	167
2	168
76	169
5	170
46	171
77	172
78	173
80	174
2	175
59	175
37	176
6	177
9	178
10	179
11	180
10	181
38	182
4	183
33	184
81	184
17	185
10	186
4	187
11	188
4	189
83	189
18	190
84	190
4	191
3	192
27	192
5	193
11	194
9	195
160	196
86	196
5	197
39	198
35	199
44	200
17	201
30	202
19	203
5	204
2	205
4	206
4	207
4	208
4	209
4	210
4	211
4	212
5	213
88	214
5	215
4	216
15	217
42	218
8	219
177	219
42	220
42	221
4	222
89	222
16	223
42	224
42	225
16	226
34	227
22	228
9	229
90	230
3	231
129	231
184	231
1	232
7	233
192	233
91	234
92	235
19	236
93	236
94	236
19	237
4	238
95	239
11	240
2	241
5	242
9	243
4	244
43	245
26	246
41	247
6	248
42	249
35	250
34	251
10	252
10	253
10	254
4	255
10	256
3	257
159	258
22	259
28	260
99	260
6	261
6	262
6	263
6	264
7	265
47	266
100	267
11	268
2	269
11	270
41	271
8	272
8	273
47	274
101	275
19	276
9	277
207	278
46	279
22	280
2	281
41	282
87	283
10	284
195	285
13	286
41	287
9	288
167	289
34	290
43	291
4	292
5	293
17	294
103	294
47	295
47	296
34	297
7	298
41	299
4	300
2	301
9	302
30	303
104	303
30	304
34	305
42	306
6	307
34	308
42	309
9	310
85	310
2	311
18	312
105	312
7	313
18	314
7	315
106	316
107	316
42	317
10	318
40	319
47	320
28	321
8	322
42	323
2	324
10	325
10	326
6	327
2	328
11	329
109	329
4	330
4	331
41	332
32	333
19	334
44	335
19	336
110	337
6	338
144	338
4	339
9	340
29	340
47	341
20	342
75	343
4	344
5	345
7	346
23	347
145	347
18	348
12	349
195	350
1	351
33	352
5	353
113	354
5	355
5	356
17	357
10	358
44	359
4	360
10	361
8	362
6	363
19	364
114	365
1	366
3	367
34	368
16	369
19	370
117	371
38	372
115	373
201	374
2	375
160	376
2	377
6	378
21	379
21	380
21	381
23	382
7	383
121	383
206	383
9	384
2	385
8	386
4	387
58	388
21	389
2	390
122	391
124	392
5	393
36	394
4	395
10	396
19	397
125	397
8	398
10	399
24	400
2	401
126	401
5	402
9	403
10	404
6	405
42	405
9	406
2	407
41	408
22	409
42	410
3	411
41	412
47	413
19	414
26	414
127	415
124	416
128	416
8	417
96	418
11	419
5	420
30	421
5	422
41	423
10	424
9	425
41	426
4	427
11	428
34	429
1	430
4	431
47	432
19	433
10	434
6	435
11	436
5	437
22	438
41	439
4	440
19	441
41	442
130	443
9	444
11	445
25	446
131	446
25	447
25	448
26	449
2	450
32	451
2	452
8	453
8	454
132	455
7	456
8	457
133	457
9	458
8	459
42	460
16	461
8	462
26	462
4	463
134	464
5	465
6	466
2	467
2	468
199	468
2	469
11	470
18	470
31	471
5	472
42	473
25	474
6	475
41	476
9	477
23	478
10	479
11	480
10	481
48	482
10	483
47	484
9	485
3	486
32	487
12	488
42	489
5	490
30	491
22	492
41	493
9	494
29	495
26	496
139	497
1	498
21	499
30	500
22	501
4	502
41	503
23	504
23	505
42	506
15	507
140	508
2	509
36	510
9	511
12	512
13	513
79	514
9	515
13	516
13	517
11	518
11	519
9	520
29	521
2	522
3	523
47	524
4	525
31	526
3	527
2	528
18	529
2	530
46	531
42	532
4	533
119	533
31	534
31	535
31	536
41	537
10	538
7	539
41	540
12	541
4	542
22	543
5	544
144	545
15	546
9	547
6	548
2	549
97	550
171	550
7	551
41	552
47	553
7	554
43	555
11	556
138	557
14	558
26	559
22	560
5	561
5	562
11	563
2	564
10	565
26	566
34	567
19	568
3	569
7	570
27	571
2	572
160	573
146	574
2	575
96	576
15	577
16	578
5	579
16	580
18	581
18	582
82	583
147	583
47	584
34	585
23	586
2	587
33	588
45	589
41	590
4	591
35	592
10	593
32	594
8	595
9	596
46	597
6	598
4	599
9	600
201	601
10	602
4	603
2	604
8	605
87	606
149	606
203	606
15	607
153	608
2	609
10	610
34	611
151	611
41	612
186	613
53	614
99	615
72	616
30	617
30	618
3	619
195	620
22	621
30	621
5	622
48	623
14	624
17	625
2	626
23	627
145	627
19	628
26	628
28	629
41	630
14	631
1	632
5	633
4	634
153	635
5	636
14	637
5	638
5	639
14	640
5	641
5	642
5	643
4	644
11	645
5	646
7	647
5	648
7	649
19	649
4	650
4	651
4	652
157	653
47	654
35	655
154	655
155	655
137	656
46	657
42	658
7	659
10	660
156	661
152	662
42	663
26	664
26	665
2	666
10	667
34	668
30	669
47	670
148	671
3	672
6	673
2	674
2	675
158	676
2	677
21	678
138	678
3	679
72	680
22	681
35	682
11	683
11	684
157	685
157	686
38	687
37	688
2	689
136	690
141	690
6	691
38	692
37	693
19	694
161	695
27	696
136	697
4	698
142	698
2	699
87	700
123	701
30	702
162	702
34	703
14	704
39	705
39	706
39	707
163	707
48	708
143	709
4	710
164	711
41	712
38	713
6	714
40	714
135	714
63	714
112	714
165	714
166	715
4	716
17	717
168	718
169	718
199	718
16	719
9	720
8	721
17	722
26	723
170	724
8	725
10	726
10	727
10	728
1	729
4	730
46	731
9	732
172	732
173	732
3	733
23	734
10	735
35	736
15	737
9	738
9	739
174	739
45	740
87	741
175	741
9	742
4	743
119	743
176	744
9	745
1	746
179	747
48	748
58	749
2	750
2	751
4	752
44	753
180	754
5	755
181	755
9	756
35	756
28	757
182	757
10	758
10	759
13	760
2	761
43	762
4	763
5	764
2	765
3	766
1	767
1	768
5	769
5	770
26	771
118	772
16	773
88	773
183	774
10	775
5	776
5	777
1	778
2	779
1	780
127	781
38	782
2	783
5	784
41	785
185	786
148	787
43	788
43	789
43	790
43	791
43	792
2	793
187	793
45	794
188	794
3	795
113	795
189	795
16	796
16	797
34	798
44	799
19	800
19	801
19	802
41	803
143	804
190	805
16	806
8	807
14	808
47	809
15	810
34	811
11	812
1	813
4	814
11	815
2	816
8	817
7	818
13	818
195	819
26	820
26	821
7	822
195	823
24	824
191	824
13	825
192	825
9	826
26	826
7	827
193	828
26	829
26	830
195	831
26	832
41	833
13	834
41	835
26	836
194	836
45	837
24	838
19	839
26	840
26	841
8	842
26	843
195	844
26	845
8	845
24	846
7	847
26	848
196	849
41	850
41	851
45	852
11	853
4	854
1	855
1	856
1	857
9	858
31	859
4	860
2	861
35	862
26	863
1	864
197	865
41	866
9	867
41	868
4	869
28	870
9	871
18	872
7	873
19	873
6	874
43	875
7	876
27	877
198	878
5	879
17	880
200	881
17	882
201	883
136	884
72	885
15	886
17	887
2	888
6	889
5	890
18	891
11	892
66	892
23	893
44	894
3	895
1	896
202	897
2	898
2	899
10	900
4	901
23	902
11	903
25	904
10	905
17	906
46	907
16	908
16	909
204	909
9	910
26	911
2	912
205	913
97	914
2	915
2	916
2	917
5	918
104	919
10	920
4	921
2	922
2	923
4	924
2	925
2	926
207	926
10	927
2	928
2	929
4	930
2	931
45	932
2	933
5	934
23	935
208	936
9	937
11	938
48	939
48	940
48	941
